p ocr 1200 1200 4700
1 1201
1 1221
2 1201
2 1202
2 1222
3 1202
3 1203
3 1223
4 1203
4 1204
4 1224
5 1204
5 1205
5 1225
6 1205
6 1206
6 1226
7 1206
7 1207
7 1227
8 1207
8 1208
8 1228
9 1208
9 1209
9 1229
10 1209
10 1210
10 1230
11 1210
11 1211
11 1231
12 1211
12 1212
12 1232
13 1212
13 1213
13 1233
14 1213
14 1214
14 1234
15 1214
15 1215
15 1235
16 1215
16 1216
16 1236
17 1216
17 1217
17 1237
18 1217
18 1218
18 1238
19 1218
19 1219
19 1239
20 1219
20 1220
20 1240
21 1201
21 1221
21 1222
21 1241
22 1202
22 1222
22 1223
22 1242
23 1203
23 1223
23 1224
23 1243
24 1204
24 1224
24 1225
24 1244
25 1205
25 1225
25 1226
25 1245
26 1206
26 1226
26 1227
26 1246
27 1207
27 1227
27 1228
27 1247
28 1208
28 1228
28 1229
28 1248
29 1209
29 1229
29 1230
29 1249
30 1210
30 1230
30 1231
30 1250
31 1211
31 1231
31 1232
31 1251
32 1212
32 1232
32 1233
32 1252
33 1213
33 1233
33 1234
33 1253
34 1214
34 1234
34 1235
34 1254
35 1215
35 1235
35 1236
35 1255
36 1216
36 1236
36 1237
36 1256
37 1217
37 1237
37 1238
37 1257
38 1218
38 1238
38 1239
38 1258
39 1219
39 1239
39 1240
39 1259
40 1220
40 1240
40 1260
41 1221
41 1241
41 1261
42 1222
42 1241
42 1242
42 1262
43 1223
43 1242
43 1243
43 1263
44 1224
44 1243
44 1244
44 1264
45 1225
45 1244
45 1245
45 1265
46 1226
46 1245
46 1246
46 1266
47 1227
47 1246
47 1247
47 1267
48 1228
48 1247
48 1248
48 1268
49 1229
49 1248
49 1249
49 1269
50 1230
50 1249
50 1250
50 1270
51 1231
51 1250
51 1251
51 1271
52 1232
52 1251
52 1252
52 1272
53 1233
53 1252
53 1253
53 1273
54 1234
54 1253
54 1254
54 1274
55 1235
55 1254
55 1255
55 1275
56 1236
56 1255
56 1256
56 1276
57 1237
57 1256
57 1257
57 1277
58 1238
58 1257
58 1258
58 1278
59 1239
59 1258
59 1259
59 1279
60 1240
60 1259
60 1260
60 1280
61 1241
61 1261
61 1262
61 1281
62 1242
62 1262
62 1263
62 1282
63 1243
63 1263
63 1264
63 1283
64 1244
64 1264
64 1265
64 1284
65 1245
65 1265
65 1266
65 1285
66 1246
66 1266
66 1267
66 1286
67 1247
67 1267
67 1268
67 1287
68 1248
68 1268
68 1269
68 1288
69 1249
69 1269
69 1270
69 1289
70 1250
70 1270
70 1271
70 1290
71 1251
71 1271
71 1272
71 1291
72 1252
72 1272
72 1273
72 1292
73 1253
73 1273
73 1274
73 1293
74 1254
74 1274
74 1275
74 1294
75 1255
75 1275
75 1276
75 1295
76 1256
76 1276
76 1277
76 1296
77 1257
77 1277
77 1278
77 1297
78 1258
78 1278
78 1279
78 1298
79 1259
79 1279
79 1280
79 1299
80 1260
80 1280
80 1300
81 1261
81 1281
81 1301
82 1262
82 1281
82 1282
82 1302
83 1263
83 1282
83 1283
83 1303
84 1264
84 1283
84 1284
84 1304
85 1265
85 1284
85 1285
85 1305
86 1266
86 1285
86 1286
86 1306
87 1267
87 1286
87 1287
87 1307
88 1268
88 1287
88 1288
88 1308
89 1269
89 1288
89 1289
89 1309
90 1270
90 1289
90 1290
90 1310
91 1271
91 1290
91 1291
91 1311
92 1272
92 1291
92 1292
92 1312
93 1273
93 1292
93 1293
93 1313
94 1274
94 1293
94 1294
94 1314
95 1275
95 1294
95 1295
95 1315
96 1276
96 1295
96 1296
96 1316
97 1277
97 1296
97 1297
97 1317
98 1278
98 1297
98 1298
98 1318
99 1279
99 1298
99 1299
99 1319
100 1280
100 1299
100 1300
100 1320
101 1281
101 1301
101 1302
101 1321
102 1282
102 1302
102 1303
102 1322
103 1283
103 1303
103 1304
103 1323
104 1284
104 1304
104 1305
104 1324
105 1285
105 1305
105 1306
105 1325
106 1286
106 1306
106 1307
106 1326
107 1287
107 1307
107 1308
107 1327
108 1288
108 1308
108 1309
108 1328
109 1289
109 1309
109 1310
109 1329
110 1290
110 1310
110 1311
110 1330
111 1291
111 1311
111 1312
111 1331
112 1292
112 1312
112 1313
112 1332
113 1293
113 1313
113 1314
113 1333
114 1294
114 1314
114 1315
114 1334
115 1295
115 1315
115 1316
115 1335
116 1296
116 1316
116 1317
116 1336
117 1297
117 1317
117 1318
117 1337
118 1298
118 1318
118 1319
118 1338
119 1299
119 1319
119 1320
119 1339
120 1300
120 1320
120 1340
121 1301
121 1321
121 1341
122 1302
122 1321
122 1322
122 1342
123 1303
123 1322
123 1323
123 1343
124 1304
124 1323
124 1324
124 1344
125 1305
125 1324
125 1325
125 1345
126 1306
126 1325
126 1326
126 1346
127 1307
127 1326
127 1327
127 1347
128 1308
128 1327
128 1328
128 1348
129 1309
129 1328
129 1329
129 1349
130 1310
130 1329
130 1330
130 1350
131 1311
131 1330
131 1331
131 1351
132 1312
132 1331
132 1332
132 1352
133 1313
133 1332
133 1333
133 1353
134 1314
134 1333
134 1334
134 1354
135 1315
135 1334
135 1335
135 1355
136 1316
136 1335
136 1336
136 1356
137 1317
137 1336
137 1337
137 1357
138 1318
138 1337
138 1338
138 1358
139 1319
139 1338
139 1339
139 1359
140 1320
140 1339
140 1340
140 1360
141 1321
141 1341
141 1342
141 1361
142 1322
142 1342
142 1343
142 1362
143 1323
143 1343
143 1344
143 1363
144 1324
144 1344
144 1345
144 1364
145 1325
145 1345
145 1346
145 1365
146 1326
146 1346
146 1347
146 1366
147 1327
147 1347
147 1348
147 1367
148 1328
148 1348
148 1349
148 1368
149 1329
149 1349
149 1350
149 1369
150 1330
150 1350
150 1351
150 1370
151 1331
151 1351
151 1352
151 1371
152 1332
152 1352
152 1353
152 1372
153 1333
153 1353
153 1354
153 1373
154 1334
154 1354
154 1355
154 1374
155 1335
155 1355
155 1356
155 1375
156 1336
156 1356
156 1357
156 1376
157 1337
157 1357
157 1358
157 1377
158 1338
158 1358
158 1359
158 1378
159 1339
159 1359
159 1360
159 1379
160 1340
160 1360
160 1380
161 1341
161 1361
161 1381
162 1342
162 1361
162 1362
162 1382
163 1343
163 1362
163 1363
163 1383
164 1344
164 1363
164 1364
164 1384
165 1345
165 1364
165 1365
165 1385
166 1346
166 1365
166 1366
166 1386
167 1347
167 1366
167 1367
167 1387
168 1348
168 1367
168 1368
168 1388
169 1349
169 1368
169 1369
169 1389
170 1350
170 1369
170 1370
170 1390
171 1351
171 1370
171 1371
171 1391
172 1352
172 1371
172 1372
172 1392
173 1353
173 1372
173 1373
173 1393
174 1354
174 1373
174 1374
174 1394
175 1355
175 1374
175 1375
175 1395
176 1356
176 1375
176 1376
176 1396
177 1357
177 1376
177 1377
177 1397
178 1358
178 1377
178 1378
178 1398
179 1359
179 1378
179 1379
179 1399
180 1360
180 1379
180 1380
180 1400
181 1361
181 1381
181 1382
181 1401
182 1362
182 1382
182 1383
182 1402
183 1363
183 1383
183 1384
183 1403
184 1364
184 1384
184 1385
184 1404
185 1365
185 1385
185 1386
185 1405
186 1366
186 1386
186 1387
186 1406
187 1367
187 1387
187 1388
187 1407
188 1368
188 1388
188 1389
188 1408
189 1369
189 1389
189 1390
189 1409
190 1370
190 1390
190 1391
190 1410
191 1371
191 1391
191 1392
191 1411
192 1372
192 1392
192 1393
192 1412
193 1373
193 1393
193 1394
193 1413
194 1374
194 1394
194 1395
194 1414
195 1375
195 1395
195 1396
195 1415
196 1376
196 1396
196 1397
196 1416
197 1377
197 1397
197 1398
197 1417
198 1378
198 1398
198 1399
198 1418
199 1379
199 1399
199 1400
199 1419
200 1380
200 1400
200 1420
201 1381
201 1401
201 1421
202 1382
202 1401
202 1402
202 1422
203 1383
203 1402
203 1403
203 1423
204 1384
204 1403
204 1404
204 1424
205 1385
205 1404
205 1405
205 1425
206 1386
206 1405
206 1406
206 1426
207 1387
207 1406
207 1407
207 1427
208 1388
208 1407
208 1408
208 1428
209 1389
209 1408
209 1409
209 1429
210 1390
210 1409
210 1410
210 1430
211 1391
211 1410
211 1411
211 1431
212 1392
212 1411
212 1412
212 1432
213 1393
213 1412
213 1413
213 1433
214 1394
214 1413
214 1414
214 1434
215 1395
215 1414
215 1415
215 1435
216 1396
216 1415
216 1416
216 1436
217 1397
217 1416
217 1417
217 1437
218 1398
218 1417
218 1418
218 1438
219 1399
219 1418
219 1419
219 1439
220 1400
220 1419
220 1420
220 1440
221 1401
221 1421
221 1422
221 1441
222 1402
222 1422
222 1423
222 1442
223 1403
223 1423
223 1424
223 1443
224 1404
224 1424
224 1425
224 1444
225 1405
225 1425
225 1426
225 1445
226 1406
226 1426
226 1427
226 1446
227 1407
227 1427
227 1428
227 1447
228 1408
228 1428
228 1429
228 1448
229 1409
229 1429
229 1430
229 1449
230 1410
230 1430
230 1431
230 1450
231 1411
231 1431
231 1432
231 1451
232 1412
232 1432
232 1433
232 1452
233 1413
233 1433
233 1434
233 1453
234 1414
234 1434
234 1435
234 1454
235 1415
235 1435
235 1436
235 1455
236 1416
236 1436
236 1437
236 1456
237 1417
237 1437
237 1438
237 1457
238 1418
238 1438
238 1439
238 1458
239 1419
239 1439
239 1440
239 1459
240 1420
240 1440
240 1460
241 1421
241 1441
241 1461
242 1422
242 1441
242 1442
242 1462
243 1423
243 1442
243 1443
243 1463
244 1424
244 1443
244 1444
244 1464
245 1425
245 1444
245 1445
245 1465
246 1426
246 1445
246 1446
246 1466
247 1427
247 1446
247 1447
247 1467
248 1428
248 1447
248 1448
248 1468
249 1429
249 1448
249 1449
249 1469
250 1430
250 1449
250 1450
250 1470
251 1431
251 1450
251 1451
251 1471
252 1432
252 1451
252 1452
252 1472
253 1433
253 1452
253 1453
253 1473
254 1434
254 1453
254 1454
254 1474
255 1435
255 1454
255 1455
255 1475
256 1436
256 1455
256 1456
256 1476
257 1437
257 1456
257 1457
257 1477
258 1438
258 1457
258 1458
258 1478
259 1439
259 1458
259 1459
259 1479
260 1440
260 1459
260 1460
260 1480
261 1441
261 1461
261 1462
261 1481
262 1442
262 1462
262 1463
262 1482
263 1443
263 1463
263 1464
263 1483
264 1444
264 1464
264 1465
264 1484
265 1445
265 1465
265 1466
265 1485
266 1446
266 1466
266 1467
266 1486
267 1447
267 1467
267 1468
267 1487
268 1448
268 1468
268 1469
268 1488
269 1449
269 1469
269 1470
269 1489
270 1450
270 1470
270 1471
270 1490
271 1451
271 1471
271 1472
271 1491
272 1452
272 1472
272 1473
272 1492
273 1453
273 1473
273 1474
273 1493
274 1454
274 1474
274 1475
274 1494
275 1455
275 1475
275 1476
275 1495
276 1456
276 1476
276 1477
276 1496
277 1457
277 1477
277 1478
277 1497
278 1458
278 1478
278 1479
278 1498
279 1459
279 1479
279 1480
279 1499
280 1460
280 1480
280 1500
281 1461
281 1481
281 1501
282 1462
282 1481
282 1482
282 1502
283 1463
283 1482
283 1483
283 1503
284 1464
284 1483
284 1484
284 1504
285 1465
285 1484
285 1485
285 1505
286 1466
286 1485
286 1486
286 1506
287 1467
287 1486
287 1487
287 1507
288 1468
288 1487
288 1488
288 1508
289 1469
289 1488
289 1489
289 1509
290 1470
290 1489
290 1490
290 1510
291 1471
291 1490
291 1491
291 1511
292 1472
292 1491
292 1492
292 1512
293 1473
293 1492
293 1493
293 1513
294 1474
294 1493
294 1494
294 1514
295 1475
295 1494
295 1495
295 1515
296 1476
296 1495
296 1496
296 1516
297 1477
297 1496
297 1497
297 1517
298 1478
298 1497
298 1498
298 1518
299 1479
299 1498
299 1499
299 1519
300 1480
300 1499
300 1500
300 1520
301 1481
301 1501
301 1502
301 1521
302 1482
302 1502
302 1503
302 1522
303 1483
303 1503
303 1504
303 1523
304 1484
304 1504
304 1505
304 1524
305 1485
305 1505
305 1506
305 1525
306 1486
306 1506
306 1507
306 1526
307 1487
307 1507
307 1508
307 1527
308 1488
308 1508
308 1509
308 1528
309 1489
309 1509
309 1510
309 1529
310 1490
310 1510
310 1511
310 1530
311 1491
311 1511
311 1512
311 1531
312 1492
312 1512
312 1513
312 1532
313 1493
313 1513
313 1514
313 1533
314 1494
314 1514
314 1515
314 1534
315 1495
315 1515
315 1516
315 1535
316 1496
316 1516
316 1517
316 1536
317 1497
317 1517
317 1518
317 1537
318 1498
318 1518
318 1519
318 1538
319 1499
319 1519
319 1520
319 1539
320 1500
320 1520
320 1540
321 1501
321 1521
321 1541
322 1502
322 1521
322 1522
322 1542
323 1503
323 1522
323 1523
323 1543
324 1504
324 1523
324 1524
324 1544
325 1505
325 1524
325 1525
325 1545
326 1506
326 1525
326 1526
326 1546
327 1507
327 1526
327 1527
327 1547
328 1508
328 1527
328 1528
328 1548
329 1509
329 1528
329 1529
329 1549
330 1510
330 1529
330 1530
330 1550
331 1511
331 1530
331 1531
331 1551
332 1512
332 1531
332 1532
332 1552
333 1513
333 1532
333 1533
333 1553
334 1514
334 1533
334 1534
334 1554
335 1515
335 1534
335 1535
335 1555
336 1516
336 1535
336 1536
336 1556
337 1517
337 1536
337 1537
337 1557
338 1518
338 1537
338 1538
338 1558
339 1519
339 1538
339 1539
339 1559
340 1520
340 1539
340 1540
340 1560
341 1521
341 1541
341 1542
341 1561
342 1522
342 1542
342 1543
342 1562
343 1523
343 1543
343 1544
343 1563
344 1524
344 1544
344 1545
344 1564
345 1525
345 1545
345 1546
345 1565
346 1526
346 1546
346 1547
346 1566
347 1527
347 1547
347 1548
347 1567
348 1528
348 1548
348 1549
348 1568
349 1529
349 1549
349 1550
349 1569
350 1530
350 1550
350 1551
350 1570
351 1531
351 1551
351 1552
351 1571
352 1532
352 1552
352 1553
352 1572
353 1533
353 1553
353 1554
353 1573
354 1534
354 1554
354 1555
354 1574
355 1535
355 1555
355 1556
355 1575
356 1536
356 1556
356 1557
356 1576
357 1537
357 1557
357 1558
357 1577
358 1538
358 1558
358 1559
358 1578
359 1539
359 1559
359 1560
359 1579
360 1540
360 1560
360 1580
361 1541
361 1561
361 1581
362 1542
362 1561
362 1562
362 1582
363 1543
363 1562
363 1563
363 1583
364 1544
364 1563
364 1564
364 1584
365 1545
365 1564
365 1565
365 1585
366 1546
366 1565
366 1566
366 1586
367 1547
367 1566
367 1567
367 1587
368 1548
368 1567
368 1568
368 1588
369 1549
369 1568
369 1569
369 1589
370 1550
370 1569
370 1570
370 1590
371 1551
371 1570
371 1571
371 1591
372 1552
372 1571
372 1572
372 1592
373 1553
373 1572
373 1573
373 1593
374 1554
374 1573
374 1574
374 1594
375 1555
375 1574
375 1575
375 1595
376 1556
376 1575
376 1576
376 1596
377 1557
377 1576
377 1577
377 1597
378 1558
378 1577
378 1578
378 1598
379 1559
379 1578
379 1579
379 1599
380 1560
380 1579
380 1580
380 1600
381 1561
381 1581
381 1582
381 1601
382 1562
382 1582
382 1583
382 1602
383 1563
383 1583
383 1584
383 1603
384 1564
384 1584
384 1585
384 1604
385 1565
385 1585
385 1586
385 1605
386 1566
386 1586
386 1587
386 1606
387 1567
387 1587
387 1588
387 1607
388 1568
388 1588
388 1589
388 1608
389 1569
389 1589
389 1590
389 1609
390 1570
390 1590
390 1591
390 1610
391 1571
391 1591
391 1592
391 1611
392 1572
392 1592
392 1593
392 1612
393 1573
393 1593
393 1594
393 1613
394 1574
394 1594
394 1595
394 1614
395 1575
395 1595
395 1596
395 1615
396 1576
396 1596
396 1597
396 1616
397 1577
397 1597
397 1598
397 1617
398 1578
398 1598
398 1599
398 1618
399 1579
399 1599
399 1600
399 1619
400 1580
400 1600
400 1620
401 1581
401 1601
401 1621
402 1582
402 1601
402 1602
402 1622
403 1583
403 1602
403 1603
403 1623
404 1584
404 1603
404 1604
404 1624
405 1585
405 1604
405 1605
405 1625
406 1586
406 1605
406 1606
406 1626
407 1587
407 1606
407 1607
407 1627
408 1588
408 1607
408 1608
408 1628
409 1589
409 1608
409 1609
409 1629
410 1590
410 1609
410 1610
410 1630
411 1591
411 1610
411 1611
411 1631
412 1592
412 1611
412 1612
412 1632
413 1593
413 1612
413 1613
413 1633
414 1594
414 1613
414 1614
414 1634
415 1595
415 1614
415 1615
415 1635
416 1596
416 1615
416 1616
416 1636
417 1597
417 1616
417 1617
417 1637
418 1598
418 1617
418 1618
418 1638
419 1599
419 1618
419 1619
419 1639
420 1600
420 1619
420 1620
420 1640
421 1601
421 1621
421 1622
421 1641
422 1602
422 1622
422 1623
422 1642
423 1603
423 1623
423 1624
423 1643
424 1604
424 1624
424 1625
424 1644
425 1605
425 1625
425 1626
425 1645
426 1606
426 1626
426 1627
426 1646
427 1607
427 1627
427 1628
427 1647
428 1608
428 1628
428 1629
428 1648
429 1609
429 1629
429 1630
429 1649
430 1610
430 1630
430 1631
430 1650
431 1611
431 1631
431 1632
431 1651
432 1612
432 1632
432 1633
432 1652
433 1613
433 1633
433 1634
433 1653
434 1614
434 1634
434 1635
434 1654
435 1615
435 1635
435 1636
435 1655
436 1616
436 1636
436 1637
436 1656
437 1617
437 1637
437 1638
437 1657
438 1618
438 1638
438 1639
438 1658
439 1619
439 1639
439 1640
439 1659
440 1620
440 1640
440 1660
441 1621
441 1641
441 1661
442 1622
442 1641
442 1642
442 1662
443 1623
443 1642
443 1643
443 1663
444 1624
444 1643
444 1644
444 1664
445 1625
445 1644
445 1645
445 1665
446 1626
446 1645
446 1646
446 1666
447 1627
447 1646
447 1647
447 1667
448 1628
448 1647
448 1648
448 1668
449 1629
449 1648
449 1649
449 1669
450 1630
450 1649
450 1650
450 1670
451 1631
451 1650
451 1651
451 1671
452 1632
452 1651
452 1652
452 1672
453 1633
453 1652
453 1653
453 1673
454 1634
454 1653
454 1654
454 1674
455 1635
455 1654
455 1655
455 1675
456 1636
456 1655
456 1656
456 1676
457 1637
457 1656
457 1657
457 1677
458 1638
458 1657
458 1658
458 1678
459 1639
459 1658
459 1659
459 1679
460 1640
460 1659
460 1660
460 1680
461 1641
461 1661
461 1662
461 1681
462 1642
462 1662
462 1663
462 1682
463 1643
463 1663
463 1664
463 1683
464 1644
464 1664
464 1665
464 1684
465 1645
465 1665
465 1666
465 1685
466 1646
466 1666
466 1667
466 1686
467 1647
467 1667
467 1668
467 1687
468 1648
468 1668
468 1669
468 1688
469 1649
469 1669
469 1670
469 1689
470 1650
470 1670
470 1671
470 1690
471 1651
471 1671
471 1672
471 1691
472 1652
472 1672
472 1673
472 1692
473 1653
473 1673
473 1674
473 1693
474 1654
474 1674
474 1675
474 1694
475 1655
475 1675
475 1676
475 1695
476 1656
476 1676
476 1677
476 1696
477 1657
477 1677
477 1678
477 1697
478 1658
478 1678
478 1679
478 1698
479 1659
479 1679
479 1680
479 1699
480 1660
480 1680
480 1700
481 1661
481 1681
481 1701
482 1662
482 1681
482 1682
482 1702
483 1663
483 1682
483 1683
483 1703
484 1664
484 1683
484 1684
484 1704
485 1665
485 1684
485 1685
485 1705
486 1666
486 1685
486 1686
486 1706
487 1667
487 1686
487 1687
487 1707
488 1668
488 1687
488 1688
488 1708
489 1669
489 1688
489 1689
489 1709
490 1670
490 1689
490 1690
490 1710
491 1671
491 1690
491 1691
491 1711
492 1672
492 1691
492 1692
492 1712
493 1673
493 1692
493 1693
493 1713
494 1674
494 1693
494 1694
494 1714
495 1675
495 1694
495 1695
495 1715
496 1676
496 1695
496 1696
496 1716
497 1677
497 1696
497 1697
497 1717
498 1678
498 1697
498 1698
498 1718
499 1679
499 1698
499 1699
499 1719
500 1680
500 1699
500 1700
500 1720
501 1681
501 1701
501 1702
501 1721
502 1682
502 1702
502 1703
502 1722
503 1683
503 1703
503 1704
503 1723
504 1684
504 1704
504 1705
504 1724
505 1685
505 1705
505 1706
505 1725
506 1686
506 1706
506 1707
506 1726
507 1687
507 1707
507 1708
507 1727
508 1688
508 1708
508 1709
508 1728
509 1689
509 1709
509 1710
509 1729
510 1690
510 1710
510 1711
510 1730
511 1691
511 1711
511 1712
511 1731
512 1692
512 1712
512 1713
512 1732
513 1693
513 1713
513 1714
513 1733
514 1694
514 1714
514 1715
514 1734
515 1695
515 1715
515 1716
515 1735
516 1696
516 1716
516 1717
516 1736
517 1697
517 1717
517 1718
517 1737
518 1698
518 1718
518 1719
518 1738
519 1699
519 1719
519 1720
519 1739
520 1700
520 1720
520 1740
521 1701
521 1721
521 1741
522 1702
522 1721
522 1722
522 1742
523 1703
523 1722
523 1723
523 1743
524 1704
524 1723
524 1724
524 1744
525 1705
525 1724
525 1725
525 1745
526 1706
526 1725
526 1726
526 1746
527 1707
527 1726
527 1727
527 1747
528 1708
528 1727
528 1728
528 1748
529 1709
529 1728
529 1729
529 1749
530 1710
530 1729
530 1730
530 1750
531 1711
531 1730
531 1731
531 1751
532 1712
532 1731
532 1732
532 1752
533 1713
533 1732
533 1733
533 1753
534 1714
534 1733
534 1734
534 1754
535 1715
535 1734
535 1735
535 1755
536 1716
536 1735
536 1736
536 1756
537 1717
537 1736
537 1737
537 1757
538 1718
538 1737
538 1738
538 1758
539 1719
539 1738
539 1739
539 1759
540 1720
540 1739
540 1740
540 1760
541 1721
541 1741
541 1742
541 1761
542 1722
542 1742
542 1743
542 1762
543 1723
543 1743
543 1744
543 1763
544 1724
544 1744
544 1745
544 1764
545 1725
545 1745
545 1746
545 1765
546 1726
546 1746
546 1747
546 1766
547 1727
547 1747
547 1748
547 1767
548 1728
548 1748
548 1749
548 1768
549 1729
549 1749
549 1750
549 1769
550 1730
550 1750
550 1751
550 1770
551 1731
551 1751
551 1752
551 1771
552 1732
552 1752
552 1753
552 1772
553 1733
553 1753
553 1754
553 1773
554 1734
554 1754
554 1755
554 1774
555 1735
555 1755
555 1756
555 1775
556 1736
556 1756
556 1757
556 1776
557 1737
557 1757
557 1758
557 1777
558 1738
558 1758
558 1759
558 1778
559 1739
559 1759
559 1760
559 1779
560 1740
560 1760
560 1780
561 1741
561 1761
561 1781
562 1742
562 1761
562 1762
562 1782
563 1743
563 1762
563 1763
563 1783
564 1744
564 1763
564 1764
564 1784
565 1745
565 1764
565 1765
565 1785
566 1746
566 1765
566 1766
566 1786
567 1747
567 1766
567 1767
567 1787
568 1748
568 1767
568 1768
568 1788
569 1749
569 1768
569 1769
569 1789
570 1750
570 1769
570 1770
570 1790
571 1751
571 1770
571 1771
571 1791
572 1752
572 1771
572 1772
572 1792
573 1753
573 1772
573 1773
573 1793
574 1754
574 1773
574 1774
574 1794
575 1755
575 1774
575 1775
575 1795
576 1756
576 1775
576 1776
576 1796
577 1757
577 1776
577 1777
577 1797
578 1758
578 1777
578 1778
578 1798
579 1759
579 1778
579 1779
579 1799
580 1760
580 1779
580 1780
580 1800
581 1761
581 1781
581 1782
581 1801
582 1762
582 1782
582 1783
582 1802
583 1763
583 1783
583 1784
583 1803
584 1764
584 1784
584 1785
584 1804
585 1765
585 1785
585 1786
585 1805
586 1766
586 1786
586 1787
586 1806
587 1767
587 1787
587 1788
587 1807
588 1768
588 1788
588 1789
588 1808
589 1769
589 1789
589 1790
589 1809
590 1770
590 1790
590 1791
590 1810
591 1771
591 1791
591 1792
591 1811
592 1772
592 1792
592 1793
592 1812
593 1773
593 1793
593 1794
593 1813
594 1774
594 1794
594 1795
594 1814
595 1775
595 1795
595 1796
595 1815
596 1776
596 1796
596 1797
596 1816
597 1777
597 1797
597 1798
597 1817
598 1778
598 1798
598 1799
598 1818
599 1779
599 1799
599 1800
599 1819
600 1780
600 1800
600 1820
601 1781
601 1801
601 1821
602 1782
602 1801
602 1802
602 1822
603 1783
603 1802
603 1803
603 1823
604 1784
604 1803
604 1804
604 1824
605 1785
605 1804
605 1805
605 1825
606 1786
606 1805
606 1806
606 1826
607 1787
607 1806
607 1807
607 1827
608 1788
608 1807
608 1808
608 1828
609 1789
609 1808
609 1809
609 1829
610 1790
610 1809
610 1810
610 1830
611 1791
611 1810
611 1811
611 1831
612 1792
612 1811
612 1812
612 1832
613 1793
613 1812
613 1813
613 1833
614 1794
614 1813
614 1814
614 1834
615 1795
615 1814
615 1815
615 1835
616 1796
616 1815
616 1816
616 1836
617 1797
617 1816
617 1817
617 1837
618 1798
618 1817
618 1818
618 1838
619 1799
619 1818
619 1819
619 1839
620 1800
620 1819
620 1820
620 1840
621 1801
621 1821
621 1822
621 1841
622 1802
622 1822
622 1823
622 1842
623 1803
623 1823
623 1824
623 1843
624 1804
624 1824
624 1825
624 1844
625 1805
625 1825
625 1826
625 1845
626 1806
626 1826
626 1827
626 1846
627 1807
627 1827
627 1828
627 1847
628 1808
628 1828
628 1829
628 1848
629 1809
629 1829
629 1830
629 1849
630 1810
630 1830
630 1831
630 1850
631 1811
631 1831
631 1832
631 1851
632 1812
632 1832
632 1833
632 1852
633 1813
633 1833
633 1834
633 1853
634 1814
634 1834
634 1835
634 1854
635 1815
635 1835
635 1836
635 1855
636 1816
636 1836
636 1837
636 1856
637 1817
637 1837
637 1838
637 1857
638 1818
638 1838
638 1839
638 1858
639 1819
639 1839
639 1840
639 1859
640 1820
640 1840
640 1860
641 1821
641 1841
641 1861
642 1822
642 1841
642 1842
642 1862
643 1823
643 1842
643 1843
643 1863
644 1824
644 1843
644 1844
644 1864
645 1825
645 1844
645 1845
645 1865
646 1826
646 1845
646 1846
646 1866
647 1827
647 1846
647 1847
647 1867
648 1828
648 1847
648 1848
648 1868
649 1829
649 1848
649 1849
649 1869
650 1830
650 1849
650 1850
650 1870
651 1831
651 1850
651 1851
651 1871
652 1832
652 1851
652 1852
652 1872
653 1833
653 1852
653 1853
653 1873
654 1834
654 1853
654 1854
654 1874
655 1835
655 1854
655 1855
655 1875
656 1836
656 1855
656 1856
656 1876
657 1837
657 1856
657 1857
657 1877
658 1838
658 1857
658 1858
658 1878
659 1839
659 1858
659 1859
659 1879
660 1840
660 1859
660 1860
660 1880
661 1841
661 1861
661 1862
661 1881
662 1842
662 1862
662 1863
662 1882
663 1843
663 1863
663 1864
663 1883
664 1844
664 1864
664 1865
664 1884
665 1845
665 1865
665 1866
665 1885
666 1846
666 1866
666 1867
666 1886
667 1847
667 1867
667 1868
667 1887
668 1848
668 1868
668 1869
668 1888
669 1849
669 1869
669 1870
669 1889
670 1850
670 1870
670 1871
670 1890
671 1851
671 1871
671 1872
671 1891
672 1852
672 1872
672 1873
672 1892
673 1853
673 1873
673 1874
673 1893
674 1854
674 1874
674 1875
674 1894
675 1855
675 1875
675 1876
675 1895
676 1856
676 1876
676 1877
676 1896
677 1857
677 1877
677 1878
677 1897
678 1858
678 1878
678 1879
678 1898
679 1859
679 1879
679 1880
679 1899
680 1860
680 1880
680 1900
681 1861
681 1881
681 1901
682 1862
682 1881
682 1882
682 1902
683 1863
683 1882
683 1883
683 1903
684 1864
684 1883
684 1884
684 1904
685 1865
685 1884
685 1885
685 1905
686 1866
686 1885
686 1886
686 1906
687 1867
687 1886
687 1887
687 1907
688 1868
688 1887
688 1888
688 1908
689 1869
689 1888
689 1889
689 1909
690 1870
690 1889
690 1890
690 1910
691 1871
691 1890
691 1891
691 1911
692 1872
692 1891
692 1892
692 1912
693 1873
693 1892
693 1893
693 1913
694 1874
694 1893
694 1894
694 1914
695 1875
695 1894
695 1895
695 1915
696 1876
696 1895
696 1896
696 1916
697 1877
697 1896
697 1897
697 1917
698 1878
698 1897
698 1898
698 1918
699 1879
699 1898
699 1899
699 1919
700 1880
700 1899
700 1900
700 1920
701 1881
701 1901
701 1902
701 1921
702 1882
702 1902
702 1903
702 1922
703 1883
703 1903
703 1904
703 1923
704 1884
704 1904
704 1905
704 1924
705 1885
705 1905
705 1906
705 1925
706 1886
706 1906
706 1907
706 1926
707 1887
707 1907
707 1908
707 1927
708 1888
708 1908
708 1909
708 1928
709 1889
709 1909
709 1910
709 1929
710 1890
710 1910
710 1911
710 1930
711 1891
711 1911
711 1912
711 1931
712 1892
712 1912
712 1913
712 1932
713 1893
713 1913
713 1914
713 1933
714 1894
714 1914
714 1915
714 1934
715 1895
715 1915
715 1916
715 1935
716 1896
716 1916
716 1917
716 1936
717 1897
717 1917
717 1918
717 1937
718 1898
718 1918
718 1919
718 1938
719 1899
719 1919
719 1920
719 1939
720 1900
720 1920
720 1940
721 1901
721 1921
721 1941
722 1902
722 1921
722 1922
722 1942
723 1903
723 1922
723 1923
723 1943
724 1904
724 1923
724 1924
724 1944
725 1905
725 1924
725 1925
725 1945
726 1906
726 1925
726 1926
726 1946
727 1907
727 1926
727 1927
727 1947
728 1908
728 1927
728 1928
728 1948
729 1909
729 1928
729 1929
729 1949
730 1910
730 1929
730 1930
730 1950
731 1911
731 1930
731 1931
731 1951
732 1912
732 1931
732 1932
732 1952
733 1913
733 1932
733 1933
733 1953
734 1914
734 1933
734 1934
734 1954
735 1915
735 1934
735 1935
735 1955
736 1916
736 1935
736 1936
736 1956
737 1917
737 1936
737 1937
737 1957
738 1918
738 1937
738 1938
738 1958
739 1919
739 1938
739 1939
739 1959
740 1920
740 1939
740 1940
740 1960
741 1921
741 1941
741 1942
741 1961
742 1922
742 1942
742 1943
742 1962
743 1923
743 1943
743 1944
743 1963
744 1924
744 1944
744 1945
744 1964
745 1925
745 1945
745 1946
745 1965
746 1926
746 1946
746 1947
746 1966
747 1927
747 1947
747 1948
747 1967
748 1928
748 1948
748 1949
748 1968
749 1929
749 1949
749 1950
749 1969
750 1930
750 1950
750 1951
750 1970
751 1931
751 1951
751 1952
751 1971
752 1932
752 1952
752 1953
752 1972
753 1933
753 1953
753 1954
753 1973
754 1934
754 1954
754 1955
754 1974
755 1935
755 1955
755 1956
755 1975
756 1936
756 1956
756 1957
756 1976
757 1937
757 1957
757 1958
757 1977
758 1938
758 1958
758 1959
758 1978
759 1939
759 1959
759 1960
759 1979
760 1940
760 1960
760 1980
761 1941
761 1961
761 1981
762 1942
762 1961
762 1962
762 1982
763 1943
763 1962
763 1963
763 1983
764 1944
764 1963
764 1964
764 1984
765 1945
765 1964
765 1965
765 1985
766 1946
766 1965
766 1966
766 1986
767 1947
767 1966
767 1967
767 1987
768 1948
768 1967
768 1968
768 1988
769 1949
769 1968
769 1969
769 1989
770 1950
770 1969
770 1970
770 1990
771 1951
771 1970
771 1971
771 1991
772 1952
772 1971
772 1972
772 1992
773 1953
773 1972
773 1973
773 1993
774 1954
774 1973
774 1974
774 1994
775 1955
775 1974
775 1975
775 1995
776 1956
776 1975
776 1976
776 1996
777 1957
777 1976
777 1977
777 1997
778 1958
778 1977
778 1978
778 1998
779 1959
779 1978
779 1979
779 1999
780 1960
780 1979
780 1980
780 2000
781 1961
781 1981
781 1982
781 2001
782 1962
782 1982
782 1983
782 2002
783 1963
783 1983
783 1984
783 2003
784 1964
784 1984
784 1985
784 2004
785 1965
785 1985
785 1986
785 2005
786 1966
786 1986
786 1987
786 2006
787 1967
787 1987
787 1988
787 2007
788 1968
788 1988
788 1989
788 2008
789 1969
789 1989
789 1990
789 2009
790 1970
790 1990
790 1991
790 2010
791 1971
791 1991
791 1992
791 2011
792 1972
792 1992
792 1993
792 2012
793 1973
793 1993
793 1994
793 2013
794 1974
794 1994
794 1995
794 2014
795 1975
795 1995
795 1996
795 2015
796 1976
796 1996
796 1997
796 2016
797 1977
797 1997
797 1998
797 2017
798 1978
798 1998
798 1999
798 2018
799 1979
799 1999
799 2000
799 2019
800 1980
800 2000
800 2020
801 1981
801 2001
801 2021
802 1982
802 2001
802 2002
802 2022
803 1983
803 2002
803 2003
803 2023
804 1984
804 2003
804 2004
804 2024
805 1985
805 2004
805 2005
805 2025
806 1986
806 2005
806 2006
806 2026
807 1987
807 2006
807 2007
807 2027
808 1988
808 2007
808 2008
808 2028
809 1989
809 2008
809 2009
809 2029
810 1990
810 2009
810 2010
810 2030
811 1991
811 2010
811 2011
811 2031
812 1992
812 2011
812 2012
812 2032
813 1993
813 2012
813 2013
813 2033
814 1994
814 2013
814 2014
814 2034
815 1995
815 2014
815 2015
815 2035
816 1996
816 2015
816 2016
816 2036
817 1997
817 2016
817 2017
817 2037
818 1998
818 2017
818 2018
818 2038
819 1999
819 2018
819 2019
819 2039
820 2000
820 2019
820 2020
820 2040
821 2001
821 2021
821 2022
821 2041
822 2002
822 2022
822 2023
822 2042
823 2003
823 2023
823 2024
823 2043
824 2004
824 2024
824 2025
824 2044
825 2005
825 2025
825 2026
825 2045
826 2006
826 2026
826 2027
826 2046
827 2007
827 2027
827 2028
827 2047
828 2008
828 2028
828 2029
828 2048
829 2009
829 2029
829 2030
829 2049
830 2010
830 2030
830 2031
830 2050
831 2011
831 2031
831 2032
831 2051
832 2012
832 2032
832 2033
832 2052
833 2013
833 2033
833 2034
833 2053
834 2014
834 2034
834 2035
834 2054
835 2015
835 2035
835 2036
835 2055
836 2016
836 2036
836 2037
836 2056
837 2017
837 2037
837 2038
837 2057
838 2018
838 2038
838 2039
838 2058
839 2019
839 2039
839 2040
839 2059
840 2020
840 2040
840 2060
841 2021
841 2041
841 2061
842 2022
842 2041
842 2042
842 2062
843 2023
843 2042
843 2043
843 2063
844 2024
844 2043
844 2044
844 2064
845 2025
845 2044
845 2045
845 2065
846 2026
846 2045
846 2046
846 2066
847 2027
847 2046
847 2047
847 2067
848 2028
848 2047
848 2048
848 2068
849 2029
849 2048
849 2049
849 2069
850 2030
850 2049
850 2050
850 2070
851 2031
851 2050
851 2051
851 2071
852 2032
852 2051
852 2052
852 2072
853 2033
853 2052
853 2053
853 2073
854 2034
854 2053
854 2054
854 2074
855 2035
855 2054
855 2055
855 2075
856 2036
856 2055
856 2056
856 2076
857 2037
857 2056
857 2057
857 2077
858 2038
858 2057
858 2058
858 2078
859 2039
859 2058
859 2059
859 2079
860 2040
860 2059
860 2060
860 2080
861 2041
861 2061
861 2062
861 2081
862 2042
862 2062
862 2063
862 2082
863 2043
863 2063
863 2064
863 2083
864 2044
864 2064
864 2065
864 2084
865 2045
865 2065
865 2066
865 2085
866 2046
866 2066
866 2067
866 2086
867 2047
867 2067
867 2068
867 2087
868 2048
868 2068
868 2069
868 2088
869 2049
869 2069
869 2070
869 2089
870 2050
870 2070
870 2071
870 2090
871 2051
871 2071
871 2072
871 2091
872 2052
872 2072
872 2073
872 2092
873 2053
873 2073
873 2074
873 2093
874 2054
874 2074
874 2075
874 2094
875 2055
875 2075
875 2076
875 2095
876 2056
876 2076
876 2077
876 2096
877 2057
877 2077
877 2078
877 2097
878 2058
878 2078
878 2079
878 2098
879 2059
879 2079
879 2080
879 2099
880 2060
880 2080
880 2100
881 2061
881 2081
881 2101
882 2062
882 2081
882 2082
882 2102
883 2063
883 2082
883 2083
883 2103
884 2064
884 2083
884 2084
884 2104
885 2065
885 2084
885 2085
885 2105
886 2066
886 2085
886 2086
886 2106
887 2067
887 2086
887 2087
887 2107
888 2068
888 2087
888 2088
888 2108
889 2069
889 2088
889 2089
889 2109
890 2070
890 2089
890 2090
890 2110
891 2071
891 2090
891 2091
891 2111
892 2072
892 2091
892 2092
892 2112
893 2073
893 2092
893 2093
893 2113
894 2074
894 2093
894 2094
894 2114
895 2075
895 2094
895 2095
895 2115
896 2076
896 2095
896 2096
896 2116
897 2077
897 2096
897 2097
897 2117
898 2078
898 2097
898 2098
898 2118
899 2079
899 2098
899 2099
899 2119
900 2080
900 2099
900 2100
900 2120
901 2081
901 2101
901 2102
901 2121
902 2082
902 2102
902 2103
902 2122
903 2083
903 2103
903 2104
903 2123
904 2084
904 2104
904 2105
904 2124
905 2085
905 2105
905 2106
905 2125
906 2086
906 2106
906 2107
906 2126
907 2087
907 2107
907 2108
907 2127
908 2088
908 2108
908 2109
908 2128
909 2089
909 2109
909 2110
909 2129
910 2090
910 2110
910 2111
910 2130
911 2091
911 2111
911 2112
911 2131
912 2092
912 2112
912 2113
912 2132
913 2093
913 2113
913 2114
913 2133
914 2094
914 2114
914 2115
914 2134
915 2095
915 2115
915 2116
915 2135
916 2096
916 2116
916 2117
916 2136
917 2097
917 2117
917 2118
917 2137
918 2098
918 2118
918 2119
918 2138
919 2099
919 2119
919 2120
919 2139
920 2100
920 2120
920 2140
921 2101
921 2121
921 2141
922 2102
922 2121
922 2122
922 2142
923 2103
923 2122
923 2123
923 2143
924 2104
924 2123
924 2124
924 2144
925 2105
925 2124
925 2125
925 2145
926 2106
926 2125
926 2126
926 2146
927 2107
927 2126
927 2127
927 2147
928 2108
928 2127
928 2128
928 2148
929 2109
929 2128
929 2129
929 2149
930 2110
930 2129
930 2130
930 2150
931 2111
931 2130
931 2131
931 2151
932 2112
932 2131
932 2132
932 2152
933 2113
933 2132
933 2133
933 2153
934 2114
934 2133
934 2134
934 2154
935 2115
935 2134
935 2135
935 2155
936 2116
936 2135
936 2136
936 2156
937 2117
937 2136
937 2137
937 2157
938 2118
938 2137
938 2138
938 2158
939 2119
939 2138
939 2139
939 2159
940 2120
940 2139
940 2140
940 2160
941 2121
941 2141
941 2142
941 2161
942 2122
942 2142
942 2143
942 2162
943 2123
943 2143
943 2144
943 2163
944 2124
944 2144
944 2145
944 2164
945 2125
945 2145
945 2146
945 2165
946 2126
946 2146
946 2147
946 2166
947 2127
947 2147
947 2148
947 2167
948 2128
948 2148
948 2149
948 2168
949 2129
949 2149
949 2150
949 2169
950 2130
950 2150
950 2151
950 2170
951 2131
951 2151
951 2152
951 2171
952 2132
952 2152
952 2153
952 2172
953 2133
953 2153
953 2154
953 2173
954 2134
954 2154
954 2155
954 2174
955 2135
955 2155
955 2156
955 2175
956 2136
956 2156
956 2157
956 2176
957 2137
957 2157
957 2158
957 2177
958 2138
958 2158
958 2159
958 2178
959 2139
959 2159
959 2160
959 2179
960 2140
960 2160
960 2180
961 2141
961 2161
961 2181
962 2142
962 2161
962 2162
962 2182
963 2143
963 2162
963 2163
963 2183
964 2144
964 2163
964 2164
964 2184
965 2145
965 2164
965 2165
965 2185
966 2146
966 2165
966 2166
966 2186
967 2147
967 2166
967 2167
967 2187
968 2148
968 2167
968 2168
968 2188
969 2149
969 2168
969 2169
969 2189
970 2150
970 2169
970 2170
970 2190
971 2151
971 2170
971 2171
971 2191
972 2152
972 2171
972 2172
972 2192
973 2153
973 2172
973 2173
973 2193
974 2154
974 2173
974 2174
974 2194
975 2155
975 2174
975 2175
975 2195
976 2156
976 2175
976 2176
976 2196
977 2157
977 2176
977 2177
977 2197
978 2158
978 2177
978 2178
978 2198
979 2159
979 2178
979 2179
979 2199
980 2160
980 2179
980 2180
980 2200
981 2161
981 2181
981 2182
981 2201
982 2162
982 2182
982 2183
982 2202
983 2163
983 2183
983 2184
983 2203
984 2164
984 2184
984 2185
984 2204
985 2165
985 2185
985 2186
985 2205
986 2166
986 2186
986 2187
986 2206
987 2167
987 2187
987 2188
987 2207
988 2168
988 2188
988 2189
988 2208
989 2169
989 2189
989 2190
989 2209
990 2170
990 2190
990 2191
990 2210
991 2171
991 2191
991 2192
991 2211
992 2172
992 2192
992 2193
992 2212
993 2173
993 2193
993 2194
993 2213
994 2174
994 2194
994 2195
994 2214
995 2175
995 2195
995 2196
995 2215
996 2176
996 2196
996 2197
996 2216
997 2177
997 2197
997 2198
997 2217
998 2178
998 2198
998 2199
998 2218
999 2179
999 2199
999 2200
999 2219
1000 2180
1000 2200
1000 2220
1001 2181
1001 2201
1001 2221
1002 2182
1002 2201
1002 2202
1002 2222
1003 2183
1003 2202
1003 2203
1003 2223
1004 2184
1004 2203
1004 2204
1004 2224
1005 2185
1005 2204
1005 2205
1005 2225
1006 2186
1006 2205
1006 2206
1006 2226
1007 2187
1007 2206
1007 2207
1007 2227
1008 2188
1008 2207
1008 2208
1008 2228
1009 2189
1009 2208
1009 2209
1009 2229
1010 2190
1010 2209
1010 2210
1010 2230
1011 2191
1011 2210
1011 2211
1011 2231
1012 2192
1012 2211
1012 2212
1012 2232
1013 2193
1013 2212
1013 2213
1013 2233
1014 2194
1014 2213
1014 2214
1014 2234
1015 2195
1015 2214
1015 2215
1015 2235
1016 2196
1016 2215
1016 2216
1016 2236
1017 2197
1017 2216
1017 2217
1017 2237
1018 2198
1018 2217
1018 2218
1018 2238
1019 2199
1019 2218
1019 2219
1019 2239
1020 2200
1020 2219
1020 2220
1020 2240
1021 2201
1021 2221
1021 2222
1021 2241
1022 2202
1022 2222
1022 2223
1022 2242
1023 2203
1023 2223
1023 2224
1023 2243
1024 2204
1024 2224
1024 2225
1024 2244
1025 2205
1025 2225
1025 2226
1025 2245
1026 2206
1026 2226
1026 2227
1026 2246
1027 2207
1027 2227
1027 2228
1027 2247
1028 2208
1028 2228
1028 2229
1028 2248
1029 2209
1029 2229
1029 2230
1029 2249
1030 2210
1030 2230
1030 2231
1030 2250
1031 2211
1031 2231
1031 2232
1031 2251
1032 2212
1032 2232
1032 2233
1032 2252
1033 2213
1033 2233
1033 2234
1033 2253
1034 2214
1034 2234
1034 2235
1034 2254
1035 2215
1035 2235
1035 2236
1035 2255
1036 2216
1036 2236
1036 2237
1036 2256
1037 2217
1037 2237
1037 2238
1037 2257
1038 2218
1038 2238
1038 2239
1038 2258
1039 2219
1039 2239
1039 2240
1039 2259
1040 2220
1040 2240
1040 2260
1041 2221
1041 2241
1041 2261
1042 2222
1042 2241
1042 2242
1042 2262
1043 2223
1043 2242
1043 2243
1043 2263
1044 2224
1044 2243
1044 2244
1044 2264
1045 2225
1045 2244
1045 2245
1045 2265
1046 2226
1046 2245
1046 2246
1046 2266
1047 2227
1047 2246
1047 2247
1047 2267
1048 2228
1048 2247
1048 2248
1048 2268
1049 2229
1049 2248
1049 2249
1049 2269
1050 2230
1050 2249
1050 2250
1050 2270
1051 2231
1051 2250
1051 2251
1051 2271
1052 2232
1052 2251
1052 2252
1052 2272
1053 2233
1053 2252
1053 2253
1053 2273
1054 2234
1054 2253
1054 2254
1054 2274
1055 2235
1055 2254
1055 2255
1055 2275
1056 2236
1056 2255
1056 2256
1056 2276
1057 2237
1057 2256
1057 2257
1057 2277
1058 2238
1058 2257
1058 2258
1058 2278
1059 2239
1059 2258
1059 2259
1059 2279
1060 2240
1060 2259
1060 2260
1060 2280
1061 2241
1061 2261
1061 2262
1061 2281
1062 2242
1062 2262
1062 2263
1062 2282
1063 2243
1063 2263
1063 2264
1063 2283
1064 2244
1064 2264
1064 2265
1064 2284
1065 2245
1065 2265
1065 2266
1065 2285
1066 2246
1066 2266
1066 2267
1066 2286
1067 2247
1067 2267
1067 2268
1067 2287
1068 2248
1068 2268
1068 2269
1068 2288
1069 2249
1069 2269
1069 2270
1069 2289
1070 2250
1070 2270
1070 2271
1070 2290
1071 2251
1071 2271
1071 2272
1071 2291
1072 2252
1072 2272
1072 2273
1072 2292
1073 2253
1073 2273
1073 2274
1073 2293
1074 2254
1074 2274
1074 2275
1074 2294
1075 2255
1075 2275
1075 2276
1075 2295
1076 2256
1076 2276
1076 2277
1076 2296
1077 2257
1077 2277
1077 2278
1077 2297
1078 2258
1078 2278
1078 2279
1078 2298
1079 2259
1079 2279
1079 2280
1079 2299
1080 2260
1080 2280
1080 2300
1081 2261
1081 2281
1081 2301
1082 2262
1082 2281
1082 2282
1082 2302
1083 2263
1083 2282
1083 2283
1083 2303
1084 2264
1084 2283
1084 2284
1084 2304
1085 2265
1085 2284
1085 2285
1085 2305
1086 2266
1086 2285
1086 2286
1086 2306
1087 2267
1087 2286
1087 2287
1087 2307
1088 2268
1088 2287
1088 2288
1088 2308
1089 2269
1089 2288
1089 2289
1089 2309
1090 2270
1090 2289
1090 2290
1090 2310
1091 2271
1091 2290
1091 2291
1091 2311
1092 2272
1092 2291
1092 2292
1092 2312
1093 2273
1093 2292
1093 2293
1093 2313
1094 2274
1094 2293
1094 2294
1094 2314
1095 2275
1095 2294
1095 2295
1095 2315
1096 2276
1096 2295
1096 2296
1096 2316
1097 2277
1097 2296
1097 2297
1097 2317
1098 2278
1098 2297
1098 2298
1098 2318
1099 2279
1099 2298
1099 2299
1099 2319
1100 2280
1100 2299
1100 2300
1100 2320
1101 2281
1101 2301
1101 2302
1101 2321
1102 2282
1102 2302
1102 2303
1102 2322
1103 2283
1103 2303
1103 2304
1103 2323
1104 2284
1104 2304
1104 2305
1104 2324
1105 2285
1105 2305
1105 2306
1105 2325
1106 2286
1106 2306
1106 2307
1106 2326
1107 2287
1107 2307
1107 2308
1107 2327
1108 2288
1108 2308
1108 2309
1108 2328
1109 2289
1109 2309
1109 2310
1109 2329
1110 2290
1110 2310
1110 2311
1110 2330
1111 2291
1111 2311
1111 2312
1111 2331
1112 2292
1112 2312
1112 2313
1112 2332
1113 2293
1113 2313
1113 2314
1113 2333
1114 2294
1114 2314
1114 2315
1114 2334
1115 2295
1115 2315
1115 2316
1115 2335
1116 2296
1116 2316
1116 2317
1116 2336
1117 2297
1117 2317
1117 2318
1117 2337
1118 2298
1118 2318
1118 2319
1118 2338
1119 2299
1119 2319
1119 2320
1119 2339
1120 2300
1120 2320
1120 2340
1121 2301
1121 2321
1121 2341
1122 2302
1122 2321
1122 2322
1122 2342
1123 2303
1123 2322
1123 2323
1123 2343
1124 2304
1124 2323
1124 2324
1124 2344
1125 2305
1125 2324
1125 2325
1125 2345
1126 2306
1126 2325
1126 2326
1126 2346
1127 2307
1127 2326
1127 2327
1127 2347
1128 2308
1128 2327
1128 2328
1128 2348
1129 2309
1129 2328
1129 2329
1129 2349
1130 2310
1130 2329
1130 2330
1130 2350
1131 2311
1131 2330
1131 2331
1131 2351
1132 2312
1132 2331
1132 2332
1132 2352
1133 2313
1133 2332
1133 2333
1133 2353
1134 2314
1134 2333
1134 2334
1134 2354
1135 2315
1135 2334
1135 2335
1135 2355
1136 2316
1136 2335
1136 2336
1136 2356
1137 2317
1137 2336
1137 2337
1137 2357
1138 2318
1138 2337
1138 2338
1138 2358
1139 2319
1139 2338
1139 2339
1139 2359
1140 2320
1140 2339
1140 2340
1140 2360
1141 2321
1141 2341
1141 2342
1141 2361
1142 2322
1142 2342
1142 2343
1142 2362
1143 2323
1143 2343
1143 2344
1143 2363
1144 2324
1144 2344
1144 2345
1144 2364
1145 2325
1145 2345
1145 2346
1145 2365
1146 2326
1146 2346
1146 2347
1146 2366
1147 2327
1147 2347
1147 2348
1147 2367
1148 2328
1148 2348
1148 2349
1148 2368
1149 2329
1149 2349
1149 2350
1149 2369
1150 2330
1150 2350
1150 2351
1150 2370
1151 2331
1151 2351
1151 2352
1151 2371
1152 2332
1152 2352
1152 2353
1152 2372
1153 2333
1153 2353
1153 2354
1153 2373
1154 2334
1154 2354
1154 2355
1154 2374
1155 2335
1155 2355
1155 2356
1155 2375
1156 2336
1156 2356
1156 2357
1156 2376
1157 2337
1157 2357
1157 2358
1157 2377
1158 2338
1158 2358
1158 2359
1158 2378
1159 2339
1159 2359
1159 2360
1159 2379
1160 2340
1160 2360
1160 2380
1161 2341
1161 2361
1161 2381
1162 2342
1162 2361
1162 2362
1162 2382
1163 2343
1163 2362
1163 2363
1163 2383
1164 2344
1164 2363
1164 2364
1164 2384
1165 2345
1165 2364
1165 2365
1165 2385
1166 2346
1166 2365
1166 2366
1166 2386
1167 2347
1167 2366
1167 2367
1167 2387
1168 2348
1168 2367
1168 2368
1168 2388
1169 2349
1169 2368
1169 2369
1169 2389
1170 2350
1170 2369
1170 2370
1170 2390
1171 2351
1171 2370
1171 2371
1171 2391
1172 2352
1172 2371
1172 2372
1172 2392
1173 2353
1173 2372
1173 2373
1173 2393
1174 2354
1174 2373
1174 2374
1174 2394
1175 2355
1175 2374
1175 2375
1175 2395
1176 2356
1176 2375
1176 2376
1176 2396
1177 2357
1177 2376
1177 2377
1177 2397
1178 2358
1178 2377
1178 2378
1178 2398
1179 2359
1179 2378
1179 2379
1179 2399
1180 2360
1180 2379
1180 2380
1180 2400
1181 2361
1181 2381
1181 2382
1182 2362
1182 2382
1182 2383
1183 2363
1183 2383
1183 2384
1184 2364
1184 2384
1184 2385
1185 2365
1185 2385
1185 2386
1186 2366
1186 2386
1186 2387
1187 2367
1187 2387
1187 2388
1188 2368
1188 2388
1188 2389
1189 2369
1189 2389
1189 2390
1190 2370
1190 2390
1190 2391
1191 2371
1191 2391
1191 2392
1192 2372
1192 2392
1192 2393
1193 2373
1193 2393
1193 2394
1194 2374
1194 2394
1194 2395
1195 2375
1195 2395
1195 2396
1196 2376
1196 2396
1196 2397
1197 2377
1197 2397
1197 2398
1198 2378
1198 2398
1198 2399
1199 2379
1199 2399
1199 2400
1200 2380
1200 2400
