p ocr 500 500 1930
1 501
1 526
2 501
2 502
2 527
3 502
3 503
3 528
4 503
4 504
4 529
5 504
5 505
5 530
6 505
6 506
6 531
7 506
7 507
7 532
8 507
8 508
8 533
9 508
9 509
9 534
10 509
10 510
10 535
11 510
11 511
11 536
12 511
12 512
12 537
13 512
13 513
13 538
14 513
14 514
14 539
15 514
15 515
15 540
16 515
16 516
16 541
17 516
17 517
17 542
18 517
18 518
18 543
19 518
19 519
19 544
20 519
20 520
20 545
21 520
21 521
21 546
22 521
22 522
22 547
23 522
23 523
23 548
24 523
24 524
24 549
25 524
25 525
25 550
26 501
26 526
26 527
26 551
27 502
27 527
27 528
27 552
28 503
28 528
28 529
28 553
29 504
29 529
29 530
29 554
30 505
30 530
30 531
30 555
31 506
31 531
31 532
31 556
32 507
32 532
32 533
32 557
33 508
33 533
33 534
33 558
34 509
34 534
34 535
34 559
35 510
35 535
35 536
35 560
36 511
36 536
36 537
36 561
37 512
37 537
37 538
37 562
38 513
38 538
38 539
38 563
39 514
39 539
39 540
39 564
40 515
40 540
40 541
40 565
41 516
41 541
41 542
41 566
42 517
42 542
42 543
42 567
43 518
43 543
43 544
43 568
44 519
44 544
44 545
44 569
45 520
45 545
45 546
45 570
46 521
46 546
46 547
46 571
47 522
47 547
47 548
47 572
48 523
48 548
48 549
48 573
49 524
49 549
49 550
49 574
50 525
50 550
50 575
51 526
51 551
51 576
52 527
52 551
52 552
52 577
53 528
53 552
53 553
53 578
54 529
54 553
54 554
54 579
55 530
55 554
55 555
55 580
56 531
56 555
56 556
56 581
57 532
57 556
57 557
57 582
58 533
58 557
58 558
58 583
59 534
59 558
59 559
59 584
60 535
60 559
60 560
60 585
61 536
61 560
61 561
61 586
62 537
62 561
62 562
62 587
63 538
63 562
63 563
63 588
64 539
64 563
64 564
64 589
65 540
65 564
65 565
65 590
66 541
66 565
66 566
66 591
67 542
67 566
67 567
67 592
68 543
68 567
68 568
68 593
69 544
69 568
69 569
69 594
70 545
70 569
70 570
70 595
71 546
71 570
71 571
71 596
72 547
72 571
72 572
72 597
73 548
73 572
73 573
73 598
74 549
74 573
74 574
74 599
75 550
75 574
75 575
75 600
76 551
76 576
76 577
76 601
77 552
77 577
77 578
77 602
78 553
78 578
78 579
78 603
79 554
79 579
79 580
79 604
80 555
80 580
80 581
80 605
81 556
81 581
81 582
81 606
82 557
82 582
82 583
82 607
83 558
83 583
83 584
83 608
84 559
84 584
84 585
84 609
85 560
85 585
85 586
85 610
86 561
86 586
86 587
86 611
87 562
87 587
87 588
87 612
88 563
88 588
88 589
88 613
89 564
89 589
89 590
89 614
90 565
90 590
90 591
90 615
91 566
91 591
91 592
91 616
92 567
92 592
92 593
92 617
93 568
93 593
93 594
93 618
94 569
94 594
94 595
94 619
95 570
95 595
95 596
95 620
96 571
96 596
96 597
96 621
97 572
97 597
97 598
97 622
98 573
98 598
98 599
98 623
99 574
99 599
99 600
99 624
100 575
100 600
100 625
101 576
101 601
101 626
102 577
102 601
102 602
102 627
103 578
103 602
103 603
103 628
104 579
104 603
104 604
104 629
105 580
105 604
105 605
105 630
106 581
106 605
106 606
106 631
107 582
107 606
107 607
107 632
108 583
108 607
108 608
108 633
109 584
109 608
109 609
109 634
110 585
110 609
110 610
110 635
111 586
111 610
111 611
111 636
112 587
112 611
112 612
112 637
113 588
113 612
113 613
113 638
114 589
114 613
114 614
114 639
115 590
115 614
115 615
115 640
116 591
116 615
116 616
116 641
117 592
117 616
117 617
117 642
118 593
118 617
118 618
118 643
119 594
119 618
119 619
119 644
120 595
120 619
120 620
120 645
121 596
121 620
121 621
121 646
122 597
122 621
122 622
122 647
123 598
123 622
123 623
123 648
124 599
124 623
124 624
124 649
125 600
125 624
125 625
125 650
126 601
126 626
126 627
126 651
127 602
127 627
127 628
127 652
128 603
128 628
128 629
128 653
129 604
129 629
129 630
129 654
130 605
130 630
130 631
130 655
131 606
131 631
131 632
131 656
132 607
132 632
132 633
132 657
133 608
133 633
133 634
133 658
134 609
134 634
134 635
134 659
135 610
135 635
135 636
135 660
136 611
136 636
136 637
136 661
137 612
137 637
137 638
137 662
138 613
138 638
138 639
138 663
139 614
139 639
139 640
139 664
140 615
140 640
140 641
140 665
141 616
141 641
141 642
141 666
142 617
142 642
142 643
142 667
143 618
143 643
143 644
143 668
144 619
144 644
144 645
144 669
145 620
145 645
145 646
145 670
146 621
146 646
146 647
146 671
147 622
147 647
147 648
147 672
148 623
148 648
148 649
148 673
149 624
149 649
149 650
149 674
150 625
150 650
150 675
151 626
151 651
151 676
152 627
152 651
152 652
152 677
153 628
153 652
153 653
153 678
154 629
154 653
154 654
154 679
155 630
155 654
155 655
155 680
156 631
156 655
156 656
156 681
157 632
157 656
157 657
157 682
158 633
158 657
158 658
158 683
159 634
159 658
159 659
159 684
160 635
160 659
160 660
160 685
161 636
161 660
161 661
161 686
162 637
162 661
162 662
162 687
163 638
163 662
163 663
163 688
164 639
164 663
164 664
164 689
165 640
165 664
165 665
165 690
166 641
166 665
166 666
166 691
167 642
167 666
167 667
167 692
168 643
168 667
168 668
168 693
169 644
169 668
169 669
169 694
170 645
170 669
170 670
170 695
171 646
171 670
171 671
171 696
172 647
172 671
172 672
172 697
173 648
173 672
173 673
173 698
174 649
174 673
174 674
174 699
175 650
175 674
175 675
175 700
176 651
176 676
176 677
176 701
177 652
177 677
177 678
177 702
178 653
178 678
178 679
178 703
179 654
179 679
179 680
179 704
180 655
180 680
180 681
180 705
181 656
181 681
181 682
181 706
182 657
182 682
182 683
182 707
183 658
183 683
183 684
183 708
184 659
184 684
184 685
184 709
185 660
185 685
185 686
185 710
186 661
186 686
186 687
186 711
187 662
187 687
187 688
187 712
188 663
188 688
188 689
188 713
189 664
189 689
189 690
189 714
190 665
190 690
190 691
190 715
191 666
191 691
191 692
191 716
192 667
192 692
192 693
192 717
193 668
193 693
193 694
193 718
194 669
194 694
194 695
194 719
195 670
195 695
195 696
195 720
196 671
196 696
196 697
196 721
197 672
197 697
197 698
197 722
198 673
198 698
198 699
198 723
199 674
199 699
199 700
199 724
200 675
200 700
200 725
201 676
201 701
201 726
202 677
202 701
202 702
202 727
203 678
203 702
203 703
203 728
204 679
204 703
204 704
204 729
205 680
205 704
205 705
205 730
206 681
206 705
206 706
206 731
207 682
207 706
207 707
207 732
208 683
208 707
208 708
208 733
209 684
209 708
209 709
209 734
210 685
210 709
210 710
210 735
211 686
211 710
211 711
211 736
212 687
212 711
212 712
212 737
213 688
213 712
213 713
213 738
214 689
214 713
214 714
214 739
215 690
215 714
215 715
215 740
216 691
216 715
216 716
216 741
217 692
217 716
217 717
217 742
218 693
218 717
218 718
218 743
219 694
219 718
219 719
219 744
220 695
220 719
220 720
220 745
221 696
221 720
221 721
221 746
222 697
222 721
222 722
222 747
223 698
223 722
223 723
223 748
224 699
224 723
224 724
224 749
225 700
225 724
225 725
225 750
226 701
226 726
226 727
226 751
227 702
227 727
227 728
227 752
228 703
228 728
228 729
228 753
229 704
229 729
229 730
229 754
230 705
230 730
230 731
230 755
231 706
231 731
231 732
231 756
232 707
232 732
232 733
232 757
233 708
233 733
233 734
233 758
234 709
234 734
234 735
234 759
235 710
235 735
235 736
235 760
236 711
236 736
236 737
236 761
237 712
237 737
237 738
237 762
238 713
238 738
238 739
238 763
239 714
239 739
239 740
239 764
240 715
240 740
240 741
240 765
241 716
241 741
241 742
241 766
242 717
242 742
242 743
242 767
243 718
243 743
243 744
243 768
244 719
244 744
244 745
244 769
245 720
245 745
245 746
245 770
246 721
246 746
246 747
246 771
247 722
247 747
247 748
247 772
248 723
248 748
248 749
248 773
249 724
249 749
249 750
249 774
250 725
250 750
250 775
251 726
251 751
251 776
252 727
252 751
252 752
252 777
253 728
253 752
253 753
253 778
254 729
254 753
254 754
254 779
255 730
255 754
255 755
255 780
256 731
256 755
256 756
256 781
257 732
257 756
257 757
257 782
258 733
258 757
258 758
258 783
259 734
259 758
259 759
259 784
260 735
260 759
260 760
260 785
261 736
261 760
261 761
261 786
262 737
262 761
262 762
262 787
263 738
263 762
263 763
263 788
264 739
264 763
264 764
264 789
265 740
265 764
265 765
265 790
266 741
266 765
266 766
266 791
267 742
267 766
267 767
267 792
268 743
268 767
268 768
268 793
269 744
269 768
269 769
269 794
270 745
270 769
270 770
270 795
271 746
271 770
271 771
271 796
272 747
272 771
272 772
272 797
273 748
273 772
273 773
273 798
274 749
274 773
274 774
274 799
275 750
275 774
275 775
275 800
276 751
276 776
276 777
276 801
277 752
277 777
277 778
277 802
278 753
278 778
278 779
278 803
279 754
279 779
279 780
279 804
280 755
280 780
280 781
280 805
281 756
281 781
281 782
281 806
282 757
282 782
282 783
282 807
283 758
283 783
283 784
283 808
284 759
284 784
284 785
284 809
285 760
285 785
285 786
285 810
286 761
286 786
286 787
286 811
287 762
287 787
287 788
287 812
288 763
288 788
288 789
288 813
289 764
289 789
289 790
289 814
290 765
290 790
290 791
290 815
291 766
291 791
291 792
291 816
292 767
292 792
292 793
292 817
293 768
293 793
293 794
293 818
294 769
294 794
294 795
294 819
295 770
295 795
295 796
295 820
296 771
296 796
296 797
296 821
297 772
297 797
297 798
297 822
298 773
298 798
298 799
298 823
299 774
299 799
299 800
299 824
300 775
300 800
300 825
301 776
301 801
301 826
302 777
302 801
302 802
302 827
303 778
303 802
303 803
303 828
304 779
304 803
304 804
304 829
305 780
305 804
305 805
305 830
306 781
306 805
306 806
306 831
307 782
307 806
307 807
307 832
308 783
308 807
308 808
308 833
309 784
309 808
309 809
309 834
310 785
310 809
310 810
310 835
311 786
311 810
311 811
311 836
312 787
312 811
312 812
312 837
313 788
313 812
313 813
313 838
314 789
314 813
314 814
314 839
315 790
315 814
315 815
315 840
316 791
316 815
316 816
316 841
317 792
317 816
317 817
317 842
318 793
318 817
318 818
318 843
319 794
319 818
319 819
319 844
320 795
320 819
320 820
320 845
321 796
321 820
321 821
321 846
322 797
322 821
322 822
322 847
323 798
323 822
323 823
323 848
324 799
324 823
324 824
324 849
325 800
325 824
325 825
325 850
326 801
326 826
326 827
326 851
327 802
327 827
327 828
327 852
328 803
328 828
328 829
328 853
329 804
329 829
329 830
329 854
330 805
330 830
330 831
330 855
331 806
331 831
331 832
331 856
332 807
332 832
332 833
332 857
333 808
333 833
333 834
333 858
334 809
334 834
334 835
334 859
335 810
335 835
335 836
335 860
336 811
336 836
336 837
336 861
337 812
337 837
337 838
337 862
338 813
338 838
338 839
338 863
339 814
339 839
339 840
339 864
340 815
340 840
340 841
340 865
341 816
341 841
341 842
341 866
342 817
342 842
342 843
342 867
343 818
343 843
343 844
343 868
344 819
344 844
344 845
344 869
345 820
345 845
345 846
345 870
346 821
346 846
346 847
346 871
347 822
347 847
347 848
347 872
348 823
348 848
348 849
348 873
349 824
349 849
349 850
349 874
350 825
350 850
350 875
351 826
351 851
351 876
352 827
352 851
352 852
352 877
353 828
353 852
353 853
353 878
354 829
354 853
354 854
354 879
355 830
355 854
355 855
355 880
356 831
356 855
356 856
356 881
357 832
357 856
357 857
357 882
358 833
358 857
358 858
358 883
359 834
359 858
359 859
359 884
360 835
360 859
360 860
360 885
361 836
361 860
361 861
361 886
362 837
362 861
362 862
362 887
363 838
363 862
363 863
363 888
364 839
364 863
364 864
364 889
365 840
365 864
365 865
365 890
366 841
366 865
366 866
366 891
367 842
367 866
367 867
367 892
368 843
368 867
368 868
368 893
369 844
369 868
369 869
369 894
370 845
370 869
370 870
370 895
371 846
371 870
371 871
371 896
372 847
372 871
372 872
372 897
373 848
373 872
373 873
373 898
374 849
374 873
374 874
374 899
375 850
375 874
375 875
375 900
376 851
376 876
376 877
376 901
377 852
377 877
377 878
377 902
378 853
378 878
378 879
378 903
379 854
379 879
379 880
379 904
380 855
380 880
380 881
380 905
381 856
381 881
381 882
381 906
382 857
382 882
382 883
382 907
383 858
383 883
383 884
383 908
384 859
384 884
384 885
384 909
385 860
385 885
385 886
385 910
386 861
386 886
386 887
386 911
387 862
387 887
387 888
387 912
388 863
388 888
388 889
388 913
389 864
389 889
389 890
389 914
390 865
390 890
390 891
390 915
391 866
391 891
391 892
391 916
392 867
392 892
392 893
392 917
393 868
393 893
393 894
393 918
394 869
394 894
394 895
394 919
395 870
395 895
395 896
395 920
396 871
396 896
396 897
396 921
397 872
397 897
397 898
397 922
398 873
398 898
398 899
398 923
399 874
399 899
399 900
399 924
400 875
400 900
400 925
401 876
401 901
401 926
402 877
402 901
402 902
402 927
403 878
403 902
403 903
403 928
404 879
404 903
404 904
404 929
405 880
405 904
405 905
405 930
406 881
406 905
406 906
406 931
407 882
407 906
407 907
407 932
408 883
408 907
408 908
408 933
409 884
409 908
409 909
409 934
410 885
410 909
410 910
410 935
411 886
411 910
411 911
411 936
412 887
412 911
412 912
412 937
413 888
413 912
413 913
413 938
414 889
414 913
414 914
414 939
415 890
415 914
415 915
415 940
416 891
416 915
416 916
416 941
417 892
417 916
417 917
417 942
418 893
418 917
418 918
418 943
419 894
419 918
419 919
419 944
420 895
420 919
420 920
420 945
421 896
421 920
421 921
421 946
422 897
422 921
422 922
422 947
423 898
423 922
423 923
423 948
424 899
424 923
424 924
424 949
425 900
425 924
425 925
425 950
426 901
426 926
426 927
426 951
427 902
427 927
427 928
427 952
428 903
428 928
428 929
428 953
429 904
429 929
429 930
429 954
430 905
430 930
430 931
430 955
431 906
431 931
431 932
431 956
432 907
432 932
432 933
432 957
433 908
433 933
433 934
433 958
434 909
434 934
434 935
434 959
435 910
435 935
435 936
435 960
436 911
436 936
436 937
436 961
437 912
437 937
437 938
437 962
438 913
438 938
438 939
438 963
439 914
439 939
439 940
439 964
440 915
440 940
440 941
440 965
441 916
441 941
441 942
441 966
442 917
442 942
442 943
442 967
443 918
443 943
443 944
443 968
444 919
444 944
444 945
444 969
445 920
445 945
445 946
445 970
446 921
446 946
446 947
446 971
447 922
447 947
447 948
447 972
448 923
448 948
448 949
448 973
449 924
449 949
449 950
449 974
450 925
450 950
450 975
451 926
451 951
451 976
452 927
452 951
452 952
452 977
453 928
453 952
453 953
453 978
454 929
454 953
454 954
454 979
455 930
455 954
455 955
455 980
456 931
456 955
456 956
456 981
457 932
457 956
457 957
457 982
458 933
458 957
458 958
458 983
459 934
459 958
459 959
459 984
460 935
460 959
460 960
460 985
461 936
461 960
461 961
461 986
462 937
462 961
462 962
462 987
463 938
463 962
463 963
463 988
464 939
464 963
464 964
464 989
465 940
465 964
465 965
465 990
466 941
466 965
466 966
466 991
467 942
467 966
467 967
467 992
468 943
468 967
468 968
468 993
469 944
469 968
469 969
469 994
470 945
470 969
470 970
470 995
471 946
471 970
471 971
471 996
472 947
472 971
472 972
472 997
473 948
473 972
473 973
473 998
474 949
474 973
474 974
474 999
475 950
475 974
475 975
475 1000
476 951
476 976
476 977
477 952
477 977
477 978
478 953
478 978
478 979
479 954
479 979
479 980
480 955
480 980
480 981
481 956
481 981
481 982
482 957
482 982
482 983
483 958
483 983
483 984
484 959
484 984
484 985
485 960
485 985
485 986
486 961
486 986
486 987
487 962
487 987
487 988
488 963
488 988
488 989
489 964
489 989
489 990
490 965
490 990
490 991
491 966
491 991
491 992
492 967
492 992
492 993
493 968
493 993
493 994
494 969
494 994
494 995
495 970
495 995
495 996
496 971
496 996
496 997
497 972
497 997
497 998
498 973
498 998
498 999
499 974
499 999
499 1000
500 975
500 1000
