p ocr 123 45 1592
1 128
1 129
1 131
1 133
1 134
1 135
1 138
1 140
1 147
1 151
1 159
1 160
1 163
1 165
2 124
2 125
2 128
2 130
2 134
2 135
2 140
2 144
2 147
2 151
2 156
2 163
3 126
3 127
3 132
3 133
3 134
3 135
3 137
3 144
3 148
3 153
3 157
3 160
3 162
3 164
3 165
3 167
3 168
4 124
4 127
4 130
4 132
4 140
4 147
4 156
4 158
4 159
4 164
5 127
5 135
5 136
5 140
5 144
5 155
5 160
5 161
5 165
5 167
6 130
6 132
6 133
6 134
6 140
6 142
6 152
6 156
6 158
6 163
6 165
6 166
6 167
7 125
7 130
7 131
7 133
7 136
7 137
7 142
7 145
7 149
7 150
7 151
7 153
7 158
7 159
7 168
8 133
8 135
8 137
8 138
8 140
8 143
8 150
8 155
8 159
8 165
9 129
9 134
9 135
9 137
9 139
9 143
9 144
9 146
9 151
9 156
9 159
9 161
9 162
9 163
9 165
9 166
10 128
10 130
10 131
10 133
10 135
10 137
10 141
10 145
10 151
10 152
10 153
10 154
10 163
10 166
10 167
11 134
11 135
11 140
11 141
11 144
11 161
11 162
11 163
11 166
12 124
12 125
12 130
12 136
12 140
12 141
12 147
12 151
12 153
12 155
12 158
12 161
12 162
12 164
12 165
12 166
12 167
13 124
13 126
13 127
13 129
13 130
13 133
13 141
13 142
13 143
13 144
13 145
13 147
13 157
13 168
14 134
14 135
14 142
14 143
14 144
14 147
14 148
14 149
14 152
14 154
14 160
14 164
14 165
14 167
14 168
15 125
15 126
15 128
15 131
15 134
15 135
15 136
15 140
15 144
15 151
15 156
15 157
15 160
15 161
15 163
15 168
16 124
16 128
16 129
16 131
16 132
16 134
16 137
16 140
16 143
16 146
16 154
16 155
16 157
16 163
16 168
17 124
17 130
17 131
17 136
17 138
17 139
17 150
17 155
17 156
17 161
17 163
17 168
18 129
18 131
18 134
18 144
18 151
18 152
18 153
18 154
18 158
18 160
18 163
18 164
19 127
19 128
19 137
19 140
19 141
19 144
19 155
19 158
19 159
19 162
19 165
19 166
19 168
20 129
20 133
20 134
20 136
20 139
20 141
20 142
20 143
20 145
20 148
20 149
20 150
20 153
20 154
20 164
20 165
20 166
20 168
21 127
21 128
21 130
21 135
21 136
21 143
21 146
21 148
21 150
21 156
21 161
21 163
21 166
22 124
22 125
22 126
22 127
22 130
22 135
22 137
22 151
22 152
22 157
22 164
22 166
22 167
23 137
23 141
23 143
23 153
23 165
24 125
24 141
24 146
24 149
24 150
24 152
24 159
24 160
25 124
25 128
25 130
25 138
25 140
25 146
25 151
25 153
25 157
25 158
25 162
25 164
25 165
25 166
25 167
26 126
26 128
26 139
26 141
26 147
26 148
26 157
26 158
26 161
26 162
27 124
27 125
27 132
27 133
27 139
27 144
27 146
27 150
27 155
27 161
27 162
27 163
27 165
27 167
28 126
28 128
28 129
28 138
28 139
28 141
28 142
28 146
28 147
28 156
28 157
28 158
28 162
28 166
28 168
29 132
29 133
29 134
29 140
29 143
29 146
29 150
29 153
29 155
29 156
29 160
29 161
29 163
29 164
29 167
30 124
30 126
30 128
30 133
30 139
30 140
30 141
30 143
30 144
30 152
30 161
31 124
31 129
31 130
31 131
31 132
31 140
31 142
31 157
31 158
31 161
31 167
32 138
32 139
32 149
32 152
32 154
32 156
32 163
33 126
33 128
33 129
33 130
33 131
33 137
33 141
33 144
33 150
33 154
33 163
33 164
33 167
34 124
34 125
34 129
34 131
34 134
34 135
34 136
34 137
34 139
34 140
34 142
34 143
34 147
34 149
34 154
34 156
34 161
34 164
35 130
35 141
35 144
35 145
35 148
35 158
35 159
36 124
36 125
36 126
36 127
36 128
36 130
36 131
36 132
36 134
36 137
36 138
36 141
36 142
36 146
36 150
36 153
36 158
36 160
36 163
37 124
37 126
37 129
37 130
37 134
37 135
37 138
37 139
37 141
37 144
37 145
37 147
37 156
37 165
38 132
38 135
38 137
38 149
38 150
38 152
38 153
38 156
38 160
38 162
38 164
38 168
39 125
39 131
39 134
39 141
39 142
39 147
39 148
39 149
39 151
39 157
39 159
39 160
39 161
39 166
40 124
40 125
40 126
40 127
40 130
40 132
40 133
40 136
40 137
40 141
40 149
40 151
40 155
40 156
40 168
41 125
41 133
41 134
41 139
41 142
41 152
41 154
41 160
41 163
42 127
42 128
42 134
42 135
42 153
42 157
42 160
42 166
42 168
43 125
43 127
43 128
43 129
43 141
43 142
43 144
43 147
43 153
43 154
43 160
43 161
43 162
43 167
43 168
44 128
44 129
44 130
44 131
44 137
44 140
44 148
44 154
44 157
44 159
44 166
44 167
44 168
45 129
45 132
45 136
45 137
45 140
45 142
45 146
45 153
45 159
45 161
45 163
45 165
45 167
46 128
46 132
46 134
46 136
46 137
46 140
46 147
46 153
46 155
46 158
46 166
46 167
47 125
47 126
47 128
47 130
47 134
47 138
47 140
47 142
47 150
47 153
47 160
47 163
47 167
48 136
48 137
48 139
48 140
48 143
48 144
48 152
48 153
48 154
48 155
48 157
48 160
48 166
48 168
49 124
49 125
49 129
49 137
49 138
49 140
49 146
49 150
49 154
49 156
49 166
49 167
50 130
50 135
50 137
50 138
50 142
50 146
50 147
50 148
50 149
50 155
50 158
50 161
50 163
50 164
50 165
50 167
51 127
51 129
51 131
51 134
51 139
51 140
51 143
51 149
51 151
51 152
51 157
51 159
51 163
51 167
51 168
52 126
52 128
52 132
52 133
52 134
52 137
52 138
52 144
52 145
52 148
52 152
52 159
52 163
52 168
53 125
53 126
53 131
53 132
53 134
53 135
53 140
53 145
53 148
53 151
53 153
53 155
53 156
53 157
53 159
53 163
53 168
54 124
54 125
54 127
54 129
54 133
54 141
54 143
54 150
54 156
54 158
54 159
54 162
55 129
55 130
55 132
55 134
55 137
55 141
55 146
55 148
55 149
55 156
55 160
55 164
55 165
55 168
56 125
56 134
56 143
56 146
56 147
56 151
56 155
56 159
56 160
56 166
56 167
57 127
57 128
57 134
57 136
57 138
57 143
57 146
57 155
57 157
57 158
57 160
57 161
57 162
57 164
57 167
57 168
58 124
58 134
58 135
58 142
58 149
58 153
58 158
58 160
58 161
58 167
58 168
59 127
59 137
59 148
59 157
59 158
59 161
59 165
59 167
60 131
60 132
60 133
60 138
60 142
60 152
60 158
60 168
61 128
61 130
61 146
61 151
61 157
61 164
61 165
62 126
62 130
62 137
62 141
62 144
62 147
62 148
62 152
62 155
62 156
62 160
62 164
62 165
63 128
63 129
63 130
63 150
63 154
63 165
63 167
64 125
64 126
64 129
64 135
64 144
64 147
64 153
64 161
64 166
65 131
65 132
65 133
65 138
65 139
65 142
65 147
65 156
65 162
65 166
65 167
65 168
66 126
66 127
66 129
66 131
66 132
66 133
66 135
66 136
66 137
66 143
66 149
66 153
66 154
66 162
66 163
66 165
67 127
67 143
67 146
67 150
67 151
67 152
67 154
67 156
67 157
67 162
67 164
67 165
67 168
68 129
68 132
68 136
68 138
68 142
68 152
68 156
68 158
68 160
68 161
68 167
68 168
69 130
69 133
69 134
69 137
69 138
69 139
69 149
69 152
69 156
69 157
69 162
69 168
70 125
70 133
70 134
70 139
70 143
70 144
70 145
70 149
70 151
70 153
70 155
70 166
70 168
71 130
71 144
71 145
71 153
71 157
71 159
71 161
71 162
71 164
71 168
72 124
72 126
72 134
72 136
72 137
72 139
72 140
72 145
72 151
72 159
72 162
72 163
72 164
72 165
72 166
72 168
73 126
73 129
73 130
73 132
73 135
73 136
73 150
73 152
73 153
73 154
73 163
74 124
74 125
74 126
74 129
74 135
74 137
74 141
74 145
74 146
74 149
74 150
74 153
74 156
74 158
74 161
74 166
75 125
75 128
75 132
75 133
75 134
75 136
75 137
75 140
75 144
75 146
75 147
75 148
75 150
75 152
75 154
75 155
75 161
76 127
76 128
76 129
76 132
76 135
76 144
76 149
76 155
76 157
76 162
76 163
76 167
77 129
77 132
77 133
77 134
77 141
77 143
77 145
77 147
77 149
77 150
77 160
77 161
77 163
77 167
78 126
78 131
78 140
78 142
78 143
78 148
78 149
78 151
78 160
78 161
78 163
79 125
79 126
79 127
79 135
79 144
79 146
79 149
79 151
79 152
79 154
79 156
79 163
79 164
79 165
80 124
80 130
80 131
80 132
80 133
80 134
80 135
80 139
80 142
80 145
80 147
80 152
80 154
80 156
80 164
80 165
80 167
80 168
81 124
81 126
81 129
81 131
81 135
81 137
81 138
81 144
81 146
81 150
81 151
81 153
81 154
81 157
81 158
81 159
81 161
81 167
82 125
82 126
82 128
82 130
82 134
82 137
82 147
82 149
82 150
82 152
82 160
82 161
82 165
82 166
83 130
83 133
83 134
83 141
83 143
83 149
83 152
83 157
83 162
83 167
84 124
84 126
84 130
84 133
84 134
84 138
84 146
84 148
84 149
84 157
84 159
84 161
84 163
84 165
84 167
85 129
85 131
85 136
85 137
85 139
85 141
85 143
85 146
85 154
85 157
85 163
85 164
85 166
85 168
86 125
86 126
86 132
86 133
86 135
86 136
86 141
86 145
86 148
86 151
86 160
87 124
87 127
87 128
87 131
87 137
87 143
87 149
87 151
87 152
87 160
87 162
87 163
87 165
87 166
88 128
88 130
88 131
88 133
88 135
88 138
88 146
88 148
88 151
88 153
88 155
88 159
88 160
88 162
88 163
88 164
88 165
88 166
88 168
89 124
89 126
89 129
89 137
89 139
89 143
89 151
89 152
89 158
89 161
89 163
89 167
89 168
90 130
90 133
90 139
90 142
90 145
90 146
90 147
90 150
90 157
90 158
90 162
90 165
90 168
91 124
91 126
91 133
91 135
91 137
91 141
91 144
91 150
91 153
91 163
91 164
91 165
92 126
92 129
92 136
92 138
92 140
92 141
92 153
92 155
92 156
92 159
92 164
93 124
93 126
93 130
93 134
93 140
93 143
93 148
93 149
93 152
93 162
93 164
93 167
94 126
94 127
94 130
94 134
94 135
94 137
94 141
94 142
94 145
94 149
94 151
94 157
94 158
94 159
94 161
94 167
95 125
95 126
95 129
95 130
95 132
95 133
95 144
95 145
95 146
95 148
95 150
95 153
95 154
95 158
95 159
95 164
96 128
96 131
96 132
96 134
96 138
96 139
96 154
96 155
96 160
96 164
96 167
97 124
97 126
97 133
97 136
97 137
97 138
97 153
97 163
97 166
98 125
98 129
98 131
98 134
98 136
98 141
98 146
98 147
98 148
98 159
98 163
99 132
99 133
99 135
99 141
99 142
99 144
99 146
99 147
99 157
99 159
99 162
99 163
99 164
99 165
99 167
99 168
100 125
100 131
100 132
100 134
100 135
100 136
100 142
100 143
100 151
100 155
100 156
100 160
100 162
100 167
101 128
101 130
101 133
101 141
101 142
101 146
101 153
101 154
101 155
101 157
101 159
101 164
101 166
102 125
102 127
102 128
102 129
102 130
102 149
102 150
102 152
102 154
102 155
102 159
102 162
102 166
103 128
103 131
103 132
103 133
103 135
103 140
103 143
103 146
103 151
103 157
103 158
103 168
104 124
104 125
104 127
104 130
104 132
104 137
104 142
104 146
104 151
104 154
104 155
104 156
104 157
104 163
105 127
105 133
105 135
105 142
105 145
105 146
105 149
105 150
105 152
105 155
105 160
105 166
106 124
106 127
106 130
106 132
106 138
106 139
106 142
106 143
106 144
106 155
106 157
106 160
106 167
106 168
107 129
107 132
107 133
107 137
107 140
107 151
107 153
107 156
107 161
107 164
107 165
107 167
108 125
108 128
108 129
108 130
108 133
108 137
108 138
108 146
108 147
108 150
108 151
108 159
108 161
108 165
108 167
109 127
109 128
109 129
109 133
109 134
109 136
109 140
109 141
109 142
109 143
109 148
109 160
109 161
109 168
110 128
110 130
110 132
110 135
110 136
110 140
110 145
110 151
110 154
110 159
110 161
111 130
111 139
111 147
111 150
111 152
111 154
111 157
111 158
111 159
111 167
111 168
112 126
112 128
112 129
112 134
112 143
112 145
112 147
112 151
112 161
112 164
112 166
112 168
113 132
113 133
113 134
113 137
113 141
113 147
113 148
113 154
113 155
113 162
114 127
114 128
114 133
114 135
114 143
114 145
114 148
114 149
114 154
114 155
114 156
114 160
115 126
115 127
115 130
115 131
115 138
115 142
115 145
115 147
115 165
115 168
116 126
116 128
116 129
116 130
116 132
116 134
116 141
116 142
116 144
116 148
116 151
116 154
116 156
116 159
116 162
116 164
116 165
117 126
117 132
117 134
117 143
117 147
117 149
117 155
117 157
117 160
117 168
118 124
118 126
118 127
118 129
118 133
118 134
118 138
118 140
118 141
118 145
118 146
118 147
118 151
118 156
118 163
119 126
119 131
119 133
119 134
119 135
119 137
119 143
119 144
119 145
119 149
119 150
119 152
119 161
120 131
120 145
120 148
120 151
120 155
120 156
120 159
120 161
120 163
120 165
120 168
121 126
121 128
121 130
121 131
121 132
121 142
121 145
121 148
121 150
121 154
121 155
121 158
121 160
121 162
121 163
121 164
121 166
122 128
122 137
122 139
122 144
122 147
122 149
122 153
122 155
122 156
122 159
122 162
122 163
122 167
123 125
123 127
123 135
123 137
123 138
123 141
123 142
123 147
123 150
123 152
123 158
123 159
123 161
123 165
123 167
