p ocr 100 100 5423
1 102
1 105
1 111
1 113
1 115
1 117
1 118
1 122
1 123
1 124
1 125
1 126
1 129
1 130
1 132
1 134
1 137
1 141
1 142
1 143
1 147
1 148
1 152
1 155
1 156
1 157
1 158
1 159
1 160
1 161
1 164
1 166
1 174
1 176
1 177
1 184
1 185
1 186
1 188
1 189
1 194
1 196
1 199
2 101
2 103
2 106
2 107
2 109
2 111
2 112
2 113
2 115
2 116
2 117
2 118
2 120
2 122
2 123
2 126
2 127
2 129
2 130
2 131
2 135
2 138
2 140
2 141
2 142
2 144
2 147
2 148
2 155
2 158
2 159
2 162
2 163
2 164
2 166
2 167
2 168
2 169
2 172
2 173
2 175
2 177
2 178
2 179
2 180
2 181
2 182
2 186
2 188
2 189
2 190
2 193
2 195
2 197
2 198
2 199
3 101
3 104
3 106
3 107
3 112
3 113
3 114
3 115
3 117
3 118
3 119
3 120
3 123
3 124
3 127
3 130
3 133
3 134
3 135
3 137
3 138
3 141
3 142
3 143
3 144
3 146
3 147
3 148
3 150
3 151
3 156
3 159
3 160
3 161
3 162
3 163
3 164
3 165
3 168
3 174
3 177
3 178
3 179
3 181
3 182
3 186
3 188
3 189
3 191
3 192
3 193
3 194
3 196
3 198
3 199
3 200
4 103
4 105
4 106
4 107
4 108
4 109
4 110
4 111
4 112
4 113
4 114
4 116
4 117
4 118
4 120
4 121
4 122
4 125
4 130
4 133
4 134
4 135
4 139
4 140
4 141
4 142
4 147
4 151
4 154
4 155
4 156
4 157
4 158
4 159
4 164
4 165
4 169
4 170
4 172
4 176
4 179
4 180
4 183
4 185
4 187
4 189
4 190
4 191
4 195
4 196
4 198
5 102
5 106
5 107
5 108
5 109
5 110
5 114
5 115
5 116
5 118
5 120
5 125
5 126
5 128
5 129
5 130
5 131
5 133
5 134
5 135
5 137
5 138
5 139
5 141
5 143
5 145
5 146
5 147
5 148
5 155
5 156
5 157
5 158
5 159
5 160
5 163
5 164
5 165
5 168
5 169
5 170
5 171
5 173
5 174
5 175
5 176
5 178
5 179
5 180
5 181
5 182
5 184
5 188
5 189
5 190
5 191
5 193
5 194
5 195
5 196
5 197
5 198
5 199
5 200
6 101
6 104
6 105
6 106
6 108
6 109
6 111
6 113
6 115
6 116
6 117
6 121
6 124
6 126
6 127
6 128
6 129
6 132
6 134
6 135
6 139
6 141
6 142
6 143
6 144
6 145
6 148
6 149
6 150
6 152
6 155
6 156
6 158
6 159
6 162
6 164
6 166
6 167
6 169
6 171
6 173
6 175
6 176
6 180
6 181
6 184
6 187
6 188
6 189
6 190
6 194
6 195
6 196
6 197
6 198
6 199
7 102
7 104
7 115
7 116
7 118
7 120
7 121
7 122
7 123
7 124
7 126
7 127
7 128
7 129
7 130
7 131
7 133
7 134
7 137
7 139
7 140
7 142
7 145
7 147
7 148
7 150
7 153
7 154
7 158
7 159
7 160
7 161
7 162
7 165
7 166
7 168
7 170
7 172
7 173
7 174
7 177
7 179
7 180
7 182
7 183
7 184
7 186
7 187
7 190
7 191
7 194
7 200
8 102
8 105
8 107
8 108
8 109
8 110
8 116
8 119
8 120
8 123
8 126
8 127
8 129
8 130
8 132
8 133
8 136
8 138
8 140
8 142
8 143
8 145
8 149
8 150
8 151
8 153
8 155
8 156
8 158
8 159
8 160
8 163
8 164
8 172
8 174
8 175
8 177
8 180
8 182
8 188
8 189
8 190
8 192
8 194
8 198
8 200
9 103
9 104
9 110
9 111
9 114
9 115
9 116
9 118
9 119
9 121
9 122
9 123
9 124
9 128
9 142
9 143
9 149
9 150
9 155
9 162
9 164
9 166
9 168
9 171
9 173
9 175
9 176
9 177
9 178
9 180
9 181
9 185
9 188
9 190
9 192
9 193
9 198
9 199
9 200
10 101
10 102
10 103
10 104
10 106
10 107
10 109
10 110
10 111
10 112
10 113
10 115
10 118
10 119
10 120
10 121
10 122
10 124
10 127
10 128
10 130
10 131
10 132
10 135
10 137
10 138
10 140
10 142
10 143
10 146
10 147
10 152
10 156
10 157
10 158
10 159
10 161
10 164
10 165
10 166
10 167
10 170
10 171
10 172
10 173
10 176
10 177
10 180
10 182
10 183
10 184
10 192
10 194
10 195
10 196
10 199
11 101
11 102
11 104
11 106
11 108
11 109
11 111
11 115
11 116
11 118
11 119
11 120
11 123
11 124
11 125
11 126
11 127
11 130
11 131
11 132
11 133
11 134
11 135
11 136
11 137
11 139
11 140
11 141
11 142
11 146
11 149
11 150
11 152
11 153
11 154
11 155
11 160
11 161
11 162
11 167
11 168
11 169
11 171
11 173
11 175
11 177
11 179
11 180
11 182
11 184
11 185
11 186
11 187
11 188
11 191
11 192
11 195
11 197
12 101
12 105
12 107
12 110
12 111
12 113
12 114
12 115
12 118
12 120
12 122
12 125
12 130
12 131
12 132
12 134
12 135
12 136
12 141
12 143
12 146
12 147
12 150
12 151
12 152
12 154
12 155
12 158
12 159
12 162
12 163
12 164
12 165
12 167
12 168
12 171
12 175
12 176
12 177
12 181
12 182
12 185
12 190
12 193
12 195
12 196
12 199
13 102
13 103
13 104
13 105
13 106
13 107
13 109
13 110
13 111
13 112
13 113
13 115
13 119
13 120
13 121
13 122
13 125
13 127
13 129
13 130
13 131
13 134
13 136
13 137
13 138
13 139
13 141
13 142
13 143
13 144
13 145
13 147
13 149
13 150
13 152
13 153
13 154
13 157
13 158
13 160
13 163
13 165
13 167
13 168
13 170
13 173
13 175
13 178
13 180
13 181
13 182
13 183
13 184
13 185
13 191
13 192
13 195
13 196
13 198
14 101
14 103
14 104
14 106
14 107
14 108
14 110
14 111
14 112
14 113
14 114
14 115
14 116
14 117
14 118
14 119
14 120
14 122
14 123
14 124
14 126
14 131
14 133
14 135
14 137
14 138
14 140
14 141
14 142
14 143
14 144
14 145
14 148
14 149
14 156
14 157
14 158
14 159
14 160
14 161
14 162
14 166
14 167
14 168
14 169
14 170
14 171
14 174
14 176
14 178
14 180
14 183
14 186
14 190
14 193
14 194
14 196
14 197
14 198
14 199
15 102
15 106
15 109
15 110
15 111
15 113
15 115
15 116
15 122
15 123
15 128
15 129
15 133
15 134
15 135
15 137
15 141
15 142
15 145
15 146
15 147
15 148
15 150
15 151
15 153
15 154
15 155
15 158
15 159
15 160
15 161
15 162
15 163
15 164
15 165
15 166
15 171
15 175
15 176
15 178
15 179
15 182
15 183
15 185
15 189
15 190
15 193
15 195
15 196
15 197
16 102
16 104
16 106
16 107
16 108
16 110
16 111
16 112
16 114
16 116
16 117
16 119
16 120
16 122
16 123
16 125
16 127
16 128
16 129
16 130
16 131
16 132
16 134
16 135
16 136
16 137
16 138
16 139
16 141
16 142
16 145
16 151
16 154
16 156
16 157
16 161
16 166
16 167
16 168
16 170
16 174
16 175
16 178
16 179
16 180
16 184
16 185
16 187
16 188
16 190
16 191
16 192
16 194
16 196
16 197
16 198
16 199
16 200
17 101
17 107
17 108
17 111
17 112
17 113
17 114
17 115
17 120
17 122
17 126
17 127
17 128
17 129
17 133
17 134
17 135
17 136
17 139
17 142
17 145
17 146
17 147
17 148
17 149
17 152
17 153
17 154
17 155
17 157
17 159
17 160
17 161
17 163
17 164
17 167
17 171
17 172
17 175
17 180
17 182
17 183
17 184
17 185
17 187
17 189
17 192
17 193
17 197
17 198
17 199
17 200
18 102
18 104
18 105
18 106
18 107
18 108
18 109
18 110
18 112
18 113
18 115
18 117
18 118
18 120
18 121
18 122
18 123
18 124
18 125
18 127
18 132
18 133
18 134
18 138
18 140
18 142
18 144
18 146
18 148
18 149
18 152
18 154
18 158
18 159
18 161
18 162
18 163
18 164
18 167
18 168
18 169
18 172
18 173
18 174
18 178
18 180
18 181
18 182
18 189
18 191
18 193
18 194
18 195
18 196
18 197
19 102
19 103
19 104
19 105
19 107
19 109
19 110
19 113
19 115
19 116
19 120
19 121
19 123
19 127
19 130
19 131
19 132
19 133
19 136
19 137
19 138
19 139
19 140
19 141
19 142
19 145
19 146
19 147
19 149
19 150
19 153
19 155
19 156
19 158
19 159
19 161
19 163
19 164
19 166
19 168
19 170
19 172
19 173
19 174
19 177
19 178
19 181
19 182
19 183
19 189
19 191
19 193
19 197
19 200
20 102
20 105
20 107
20 108
20 111
20 113
20 115
20 117
20 124
20 125
20 129
20 130
20 132
20 133
20 134
20 136
20 137
20 138
20 139
20 140
20 141
20 142
20 144
20 145
20 146
20 147
20 148
20 149
20 150
20 152
20 153
20 154
20 157
20 158
20 159
20 163
20 164
20 166
20 167
20 168
20 170
20 171
20 172
20 173
20 174
20 176
20 177
20 178
20 179
20 181
20 182
20 186
20 187
20 188
20 192
20 195
20 197
20 198
20 200
21 101
21 103
21 107
21 108
21 110
21 112
21 118
21 120
21 121
21 122
21 123
21 125
21 129
21 130
21 133
21 134
21 135
21 136
21 137
21 138
21 139
21 140
21 142
21 143
21 145
21 146
21 150
21 151
21 152
21 153
21 154
21 157
21 158
21 159
21 160
21 161
21 162
21 163
21 165
21 167
21 170
21 171
21 172
21 174
21 175
21 176
21 177
21 180
21 181
21 185
21 187
21 192
21 194
21 198
21 200
22 101
22 102
22 103
22 104
22 105
22 107
22 109
22 112
22 114
22 115
22 116
22 117
22 118
22 123
22 128
22 133
22 135
22 138
22 139
22 142
22 146
22 147
22 149
22 151
22 152
22 153
22 158
22 159
22 160
22 162
22 165
22 166
22 168
22 175
22 176
22 177
22 179
22 180
22 182
22 183
22 187
22 190
22 191
22 194
22 195
22 196
22 199
23 101
23 102
23 105
23 106
23 107
23 108
23 109
23 110
23 111
23 112
23 113
23 115
23 118
23 119
23 120
23 123
23 127
23 128
23 129
23 131
23 134
23 135
23 138
23 139
23 141
23 146
23 147
23 149
23 150
23 153
23 155
23 156
23 157
23 158
23 159
23 160
23 162
23 166
23 167
23 168
23 172
23 174
23 177
23 178
23 179
23 184
23 185
23 189
23 191
23 192
23 196
23 197
23 199
24 101
24 102
24 106
24 107
24 109
24 110
24 112
24 115
24 116
24 117
24 119
24 120
24 121
24 122
24 127
24 129
24 132
24 134
24 138
24 139
24 140
24 141
24 147
24 149
24 151
24 153
24 155
24 158
24 159
24 162
24 166
24 167
24 169
24 171
24 172
24 174
24 175
24 178
24 181
24 182
24 183
24 186
24 189
24 190
24 191
24 192
24 193
24 194
24 195
24 196
24 197
24 198
24 199
24 200
25 101
25 104
25 105
25 108
25 110
25 112
25 115
25 117
25 118
25 119
25 120
25 122
25 123
25 126
25 128
25 129
25 130
25 131
25 133
25 134
25 135
25 137
25 138
25 141
25 143
25 144
25 146
25 149
25 150
25 151
25 155
25 161
25 162
25 163
25 164
25 167
25 168
25 169
25 172
25 173
25 174
25 175
25 177
25 180
25 181
25 183
25 184
25 186
25 190
25 193
25 194
25 195
25 196
25 197
25 198
25 199
26 101
26 102
26 103
26 104
26 105
26 106
26 107
26 109
26 112
26 113
26 114
26 115
26 116
26 120
26 123
26 124
26 126
26 127
26 129
26 130
26 132
26 133
26 138
26 145
26 146
26 150
26 152
26 153
26 155
26 160
26 161
26 163
26 164
26 167
26 169
26 171
26 172
26 176
26 177
26 179
26 181
26 182
26 183
26 184
26 185
26 187
26 194
26 195
26 196
26 198
26 199
26 200
27 101
27 106
27 108
27 109
27 111
27 112
27 113
27 114
27 118
27 120
27 121
27 122
27 125
27 128
27 130
27 132
27 133
27 135
27 137
27 138
27 139
27 140
27 142
27 143
27 144
27 145
27 147
27 148
27 149
27 150
27 152
27 153
27 154
27 155
27 159
27 160
27 161
27 162
27 163
27 165
27 166
27 167
27 169
27 173
27 175
27 176
27 179
27 181
27 182
27 184
27 185
27 186
27 187
27 192
27 193
27 197
28 102
28 103
28 105
28 106
28 110
28 111
28 112
28 118
28 120
28 121
28 123
28 125
28 129
28 131
28 134
28 135
28 136
28 137
28 138
28 140
28 143
28 144
28 146
28 147
28 148
28 150
28 151
28 154
28 155
28 156
28 162
28 163
28 165
28 166
28 167
28 168
28 171
28 172
28 173
28 176
28 177
28 178
28 179
28 180
28 184
28 185
28 186
28 189
28 191
28 192
28 194
28 200
29 105
29 107
29 109
29 110
29 114
29 115
29 116
29 117
29 118
29 120
29 121
29 122
29 126
29 128
29 131
29 132
29 133
29 134
29 135
29 141
29 144
29 145
29 147
29 148
29 149
29 150
29 153
29 154
29 156
29 160
29 161
29 162
29 165
29 166
29 167
29 168
29 171
29 172
29 175
29 176
29 183
29 184
29 185
29 186
29 187
29 189
29 190
29 191
29 195
29 196
29 199
30 103
30 106
30 107
30 108
30 109
30 110
30 111
30 113
30 115
30 117
30 120
30 121
30 124
30 125
30 126
30 127
30 130
30 132
30 134
30 141
30 142
30 143
30 144
30 145
30 153
30 154
30 155
30 156
30 158
30 160
30 161
30 162
30 163
30 164
30 166
30 167
30 168
30 169
30 175
30 177
30 179
30 181
30 184
30 185
30 186
30 187
30 189
30 190
30 192
30 193
30 194
30 195
30 196
30 198
30 199
31 102
31 104
31 105
31 109
31 111
31 113
31 115
31 116
31 117
31 120
31 122
31 124
31 125
31 130
31 132
31 134
31 136
31 138
31 140
31 142
31 144
31 146
31 147
31 148
31 153
31 154
31 157
31 158
31 162
31 164
31 166
31 168
31 169
31 170
31 172
31 174
31 176
31 177
31 178
31 179
31 185
31 188
31 191
31 193
31 194
31 196
31 197
31 198
31 199
31 200
32 103
32 104
32 107
32 108
32 110
32 113
32 115
32 116
32 117
32 121
32 123
32 124
32 126
32 127
32 128
32 129
32 130
32 132
32 134
32 137
32 138
32 139
32 141
32 143
32 144
32 145
32 149
32 153
32 155
32 159
32 162
32 164
32 165
32 167
32 168
32 170
32 173
32 174
32 177
32 178
32 179
32 180
32 183
32 184
32 185
32 187
32 188
32 189
32 191
32 195
32 197
32 199
32 200
33 101
33 102
33 106
33 107
33 108
33 109
33 111
33 112
33 113
33 116
33 119
33 121
33 122
33 123
33 124
33 127
33 129
33 130
33 131
33 133
33 134
33 135
33 136
33 139
33 141
33 142
33 143
33 144
33 145
33 146
33 147
33 149
33 152
33 153
33 154
33 155
33 156
33 161
33 163
33 164
33 170
33 171
33 173
33 175
33 176
33 178
33 179
33 180
33 181
33 182
33 183
33 184
33 186
33 187
33 189
33 190
33 191
33 193
33 194
33 195
33 197
33 199
33 200
34 101
34 106
34 107
34 109
34 112
34 113
34 116
34 117
34 119
34 121
34 125
34 126
34 127
34 128
34 129
34 130
34 131
34 135
34 136
34 137
34 139
34 142
34 145
34 146
34 147
34 148
34 150
34 153
34 154
34 156
34 157
34 159
34 163
34 165
34 166
34 167
34 168
34 169
34 171
34 172
34 173
34 174
34 175
34 176
34 178
34 179
34 180
34 181
34 185
34 187
34 189
34 190
34 191
34 192
34 194
34 195
34 196
34 197
34 199
34 200
35 101
35 104
35 106
35 110
35 111
35 113
35 114
35 116
35 117
35 118
35 120
35 121
35 123
35 124
35 127
35 128
35 129
35 132
35 133
35 134
35 141
35 143
35 146
35 148
35 149
35 151
35 152
35 155
35 158
35 159
35 160
35 162
35 165
35 170
35 171
35 178
35 179
35 180
35 186
35 187
35 188
35 189
35 190
35 192
35 193
35 194
35 195
35 197
35 200
36 101
36 102
36 103
36 106
36 107
36 108
36 109
36 111
36 112
36 113
36 114
36 115
36 117
36 119
36 122
36 123
36 128
36 129
36 130
36 135
36 136
36 139
36 140
36 141
36 145
36 146
36 148
36 150
36 151
36 153
36 156
36 160
36 162
36 163
36 164
36 166
36 167
36 171
36 172
36 173
36 176
36 178
36 179
36 180
36 181
36 182
36 183
36 187
36 188
36 189
36 191
36 194
36 195
36 196
36 197
36 198
36 199
36 200
37 102
37 103
37 104
37 105
37 106
37 107
37 108
37 109
37 113
37 119
37 120
37 121
37 124
37 127
37 129
37 132
37 134
37 135
37 137
37 139
37 140
37 141
37 143
37 144
37 145
37 147
37 148
37 151
37 153
37 154
37 156
37 157
37 159
37 160
37 164
37 165
37 166
37 169
37 171
37 175
37 179
37 181
37 182
37 187
37 188
37 189
37 190
37 192
37 193
37 195
37 196
37 197
37 198
37 200
38 102
38 106
38 107
38 108
38 111
38 112
38 114
38 115
38 116
38 118
38 123
38 124
38 125
38 126
38 127
38 129
38 132
38 134
38 135
38 139
38 141
38 142
38 143
38 145
38 146
38 149
38 150
38 152
38 153
38 155
38 157
38 158
38 161
38 164
38 166
38 169
38 170
38 171
38 175
38 178
38 181
38 182
38 184
38 185
38 186
38 188
38 189
38 191
38 192
38 194
38 195
38 196
38 198
38 199
38 200
39 105
39 106
39 110
39 111
39 112
39 113
39 114
39 117
39 118
39 120
39 122
39 125
39 127
39 128
39 131
39 132
39 134
39 135
39 139
39 140
39 142
39 143
39 146
39 147
39 149
39 152
39 155
39 156
39 160
39 164
39 165
39 166
39 167
39 168
39 169
39 170
39 172
39 173
39 174
39 176
39 177
39 178
39 183
39 185
39 186
39 187
39 188
39 190
39 191
39 192
39 195
39 196
39 197
40 104
40 107
40 108
40 109
40 115
40 116
40 117
40 121
40 122
40 124
40 125
40 127
40 128
40 129
40 130
40 131
40 132
40 134
40 135
40 136
40 137
40 138
40 139
40 141
40 143
40 144
40 145
40 146
40 151
40 152
40 153
40 155
40 156
40 167
40 168
40 169
40 172
40 173
40 176
40 180
40 181
40 182
40 184
40 185
40 187
40 188
40 189
40 191
40 192
40 194
40 195
40 196
40 197
40 198
40 200
41 101
41 103
41 104
41 105
41 106
41 108
41 109
41 110
41 111
41 112
41 113
41 114
41 116
41 118
41 119
41 120
41 122
41 123
41 124
41 126
41 127
41 128
41 129
41 138
41 140
41 143
41 144
41 145
41 148
41 153
41 154
41 156
41 157
41 158
41 160
41 161
41 163
41 164
41 166
41 168
41 171
41 172
41 174
41 175
41 176
41 178
41 180
41 182
41 183
41 184
41 185
41 186
41 187
41 189
41 191
41 193
41 194
41 196
41 198
41 199
42 102
42 103
42 104
42 105
42 107
42 108
42 109
42 110
42 111
42 113
42 115
42 116
42 118
42 119
42 121
42 122
42 125
42 137
42 138
42 139
42 143
42 144
42 145
42 146
42 148
42 149
42 151
42 152
42 153
42 156
42 159
42 160
42 161
42 163
42 167
42 170
42 171
42 173
42 175
42 176
42 178
42 179
42 180
42 181
42 184
42 186
42 188
42 190
42 192
42 193
42 194
42 195
42 196
42 200
43 105
43 106
43 107
43 109
43 110
43 114
43 115
43 116
43 122
43 123
43 124
43 125
43 126
43 128
43 130
43 131
43 132
43 134
43 135
43 136
43 138
43 140
43 141
43 142
43 145
43 146
43 149
43 150
43 151
43 152
43 158
43 160
43 161
43 162
43 163
43 164
43 166
43 170
43 171
43 172
43 174
43 175
43 178
43 179
43 182
43 185
43 189
43 190
43 195
43 196
43 198
43 200
44 101
44 103
44 104
44 105
44 107
44 109
44 110
44 111
44 112
44 114
44 115
44 116
44 118
44 119
44 120
44 124
44 125
44 128
44 129
44 131
44 134
44 137
44 138
44 139
44 140
44 142
44 143
44 145
44 147
44 148
44 149
44 153
44 155
44 156
44 160
44 161
44 163
44 164
44 165
44 166
44 175
44 177
44 179
44 180
44 181
44 182
44 184
44 192
44 196
44 198
44 199
45 105
45 106
45 107
45 108
45 110
45 112
45 115
45 116
45 117
45 118
45 119
45 124
45 126
45 130
45 132
45 133
45 134
45 135
45 136
45 137
45 141
45 142
45 145
45 146
45 148
45 149
45 150
45 151
45 154
45 160
45 162
45 163
45 164
45 166
45 167
45 168
45 170
45 172
45 173
45 177
45 178
45 180
45 183
45 184
45 188
45 192
45 193
45 195
45 198
45 199
45 200
46 102
46 103
46 105
46 108
46 109
46 114
46 115
46 117
46 119
46 120
46 122
46 123
46 125
46 126
46 127
46 130
46 131
46 133
46 134
46 136
46 138
46 139
46 141
46 144
46 145
46 146
46 149
46 150
46 151
46 152
46 154
46 155
46 157
46 161
46 162
46 163
46 164
46 165
46 166
46 169
46 173
46 175
46 176
46 178
46 180
46 181
46 184
46 186
46 187
46 188
46 189
46 190
46 192
46 197
46 198
46 199
46 200
47 101
47 103
47 104
47 106
47 109
47 112
47 113
47 114
47 116
47 118
47 120
47 121
47 122
47 123
47 124
47 126
47 127
47 129
47 130
47 136
47 138
47 141
47 142
47 144
47 145
47 146
47 147
47 149
47 150
47 151
47 152
47 155
47 156
47 160
47 162
47 163
47 167
47 168
47 170
47 173
47 175
47 177
47 180
47 182
47 183
47 184
47 185
47 186
47 187
47 188
47 190
47 192
47 193
47 194
47 197
47 199
48 103
48 104
48 106
48 109
48 110
48 112
48 115
48 118
48 119
48 120
48 121
48 124
48 125
48 126
48 129
48 131
48 136
48 137
48 138
48 140
48 141
48 143
48 144
48 145
48 148
48 150
48 151
48 154
48 156
48 158
48 160
48 163
48 164
48 168
48 169
48 170
48 171
48 174
48 176
48 177
48 179
48 180
48 182
48 183
48 184
48 185
48 188
48 189
48 190
48 192
48 193
48 194
48 196
48 197
49 101
49 104
49 106
49 108
49 110
49 113
49 114
49 115
49 118
49 119
49 126
49 130
49 132
49 134
49 136
49 139
49 143
49 147
49 148
49 149
49 150
49 151
49 153
49 154
49 155
49 158
49 160
49 161
49 162
49 165
49 166
49 173
49 174
49 175
49 177
49 179
49 180
49 181
49 182
49 187
49 188
49 189
49 191
49 193
49 194
49 195
49 196
49 197
49 198
49 200
50 101
50 103
50 104
50 106
50 109
50 111
50 114
50 116
50 118
50 119
50 121
50 124
50 125
50 126
50 128
50 129
50 130
50 131
50 135
50 137
50 141
50 142
50 143
50 144
50 148
50 150
50 151
50 152
50 153
50 155
50 156
50 159
50 160
50 165
50 167
50 168
50 170
50 172
50 173
50 175
50 176
50 178
50 180
50 182
50 184
50 185
50 186
50 187
50 188
50 190
50 195
50 196
50 197
50 199
50 200
51 102
51 105
51 107
51 111
51 112
51 113
51 116
51 118
51 119
51 120
51 121
51 122
51 124
51 125
51 129
51 131
51 133
51 134
51 136
51 137
51 138
51 139
51 140
51 141
51 142
51 143
51 144
51 145
51 148
51 149
51 154
51 155
51 157
51 158
51 161
51 163
51 164
51 165
51 166
51 167
51 169
51 171
51 173
51 174
51 175
51 176
51 181
51 183
51 184
51 186
51 188
51 194
51 195
51 196
51 197
51 198
51 199
52 101
52 102
52 103
52 104
52 105
52 106
52 107
52 108
52 110
52 112
52 113
52 114
52 116
52 117
52 118
52 120
52 121
52 122
52 123
52 127
52 129
52 130
52 131
52 132
52 133
52 134
52 137
52 138
52 142
52 144
52 145
52 147
52 149
52 150
52 151
52 153
52 154
52 158
52 161
52 162
52 164
52 165
52 166
52 173
52 174
52 176
52 178
52 179
52 181
52 182
52 183
52 184
52 185
52 189
52 190
52 194
52 197
52 198
52 199
53 101
53 102
53 103
53 104
53 107
53 108
53 110
53 111
53 113
53 114
53 115
53 116
53 123
53 125
53 128
53 129
53 130
53 132
53 133
53 135
53 136
53 139
53 141
53 142
53 148
53 149
53 150
53 151
53 152
53 153
53 155
53 159
53 160
53 161
53 164
53 166
53 167
53 168
53 169
53 171
53 172
53 173
53 176
53 177
53 179
53 181
53 182
53 185
53 189
53 190
53 191
53 192
53 193
53 196
53 197
53 199
54 101
54 103
54 105
54 106
54 110
54 111
54 112
54 113
54 114
54 116
54 117
54 118
54 119
54 122
54 124
54 126
54 128
54 131
54 133
54 135
54 137
54 140
54 142
54 143
54 144
54 146
54 149
54 150
54 152
54 154
54 155
54 156
54 158
54 159
54 161
54 163
54 166
54 169
54 170
54 172
54 176
54 177
54 179
54 184
54 185
54 189
54 190
54 192
54 196
54 197
55 102
55 105
55 107
55 109
55 110
55 112
55 113
55 115
55 116
55 117
55 118
55 121
55 122
55 123
55 124
55 125
55 126
55 127
55 128
55 130
55 131
55 136
55 138
55 139
55 140
55 141
55 145
55 146
55 147
55 149
55 151
55 152
55 153
55 154
55 157
55 160
55 161
55 162
55 165
55 168
55 169
55 170
55 171
55 172
55 176
55 181
55 182
55 183
55 188
55 189
55 191
55 195
55 197
55 198
55 200
56 101
56 102
56 106
56 107
56 108
56 109
56 110
56 111
56 112
56 113
56 114
56 118
56 119
56 122
56 124
56 125
56 126
56 129
56 131
56 133
56 135
56 136
56 138
56 144
56 145
56 146
56 147
56 149
56 150
56 152
56 159
56 160
56 165
56 166
56 168
56 169
56 171
56 172
56 174
56 175
56 177
56 178
56 179
56 181
56 182
56 183
56 186
56 187
56 189
56 193
56 197
56 199
57 104
57 107
57 111
57 113
57 116
57 117
57 121
57 122
57 127
57 128
57 130
57 135
57 139
57 140
57 141
57 142
57 145
57 147
57 148
57 149
57 152
57 153
57 156
57 161
57 164
57 166
57 168
57 169
57 172
57 176
57 179
57 180
57 182
57 183
57 186
57 188
57 189
57 194
57 195
57 198
57 199
58 101
58 103
58 104
58 106
58 107
58 109
58 110
58 111
58 112
58 114
58 115
58 116
58 117
58 118
58 119
58 121
58 122
58 123
58 124
58 125
58 126
58 127
58 130
58 134
58 136
58 138
58 139
58 141
58 143
58 146
58 147
58 148
58 149
58 151
58 152
58 153
58 157
58 159
58 160
58 162
58 165
58 168
58 171
58 176
58 178
58 179
58 181
58 182
58 183
58 184
58 185
58 188
58 189
58 190
58 192
58 195
58 198
58 200
59 102
59 103
59 104
59 105
59 108
59 111
59 112
59 114
59 116
59 117
59 118
59 119
59 124
59 125
59 126
59 127
59 130
59 133
59 135
59 136
59 138
59 142
59 143
59 144
59 147
59 148
59 149
59 150
59 151
59 154
59 155
59 157
59 158
59 166
59 167
59 168
59 169
59 173
59 174
59 175
59 176
59 178
59 180
59 181
59 185
59 186
59 191
59 195
59 199
60 101
60 104
60 106
60 108
60 109
60 110
60 111
60 114
60 115
60 116
60 117
60 118
60 119
60 120
60 121
60 123
60 125
60 128
60 129
60 130
60 131
60 132
60 134
60 135
60 140
60 143
60 145
60 146
60 148
60 152
60 153
60 155
60 156
60 157
60 160
60 161
60 162
60 164
60 165
60 167
60 168
60 170
60 172
60 173
60 174
60 176
60 177
60 182
60 185
60 190
60 191
60 192
60 195
60 198
61 101
61 102
61 103
61 104
61 107
61 108
61 111
61 113
61 114
61 115
61 116
61 117
61 119
61 121
61 123
61 124
61 126
61 130
61 131
61 134
61 138
61 139
61 142
61 143
61 146
61 150
61 152
61 154
61 155
61 156
61 157
61 160
61 161
61 165
61 169
61 173
61 174
61 175
61 176
61 177
61 178
61 183
61 184
61 187
61 188
61 189
61 190
61 192
61 194
61 195
61 197
62 101
62 102
62 104
62 108
62 109
62 110
62 112
62 113
62 114
62 116
62 117
62 119
62 120
62 122
62 123
62 124
62 125
62 127
62 128
62 130
62 131
62 132
62 133
62 135
62 136
62 138
62 141
62 142
62 144
62 148
62 149
62 151
62 152
62 154
62 155
62 156
62 157
62 158
62 159
62 161
62 164
62 165
62 166
62 167
62 172
62 173
62 175
62 176
62 180
62 181
62 184
62 186
62 193
62 195
62 196
62 197
62 198
62 199
62 200
63 101
63 102
63 104
63 105
63 108
63 109
63 111
63 113
63 114
63 115
63 117
63 119
63 120
63 121
63 126
63 130
63 131
63 132
63 133
63 144
63 145
63 146
63 148
63 151
63 157
63 158
63 159
63 163
63 166
63 168
63 169
63 170
63 171
63 172
63 176
63 180
63 181
63 182
63 183
63 184
63 190
63 191
63 192
63 194
63 195
63 197
63 199
63 200
64 101
64 102
64 103
64 104
64 108
64 109
64 111
64 113
64 114
64 117
64 119
64 120
64 121
64 123
64 124
64 126
64 128
64 131
64 134
64 138
64 139
64 142
64 143
64 146
64 147
64 149
64 150
64 152
64 155
64 156
64 157
64 161
64 162
64 163
64 165
64 166
64 169
64 170
64 172
64 174
64 175
64 176
64 177
64 178
64 179
64 180
64 181
64 182
64 186
64 187
64 188
64 191
64 192
64 193
64 194
64 195
65 103
65 108
65 110
65 112
65 113
65 115
65 118
65 119
65 120
65 122
65 124
65 125
65 126
65 127
65 129
65 132
65 133
65 137
65 138
65 141
65 142
65 143
65 144
65 146
65 149
65 152
65 154
65 156
65 157
65 159
65 161
65 162
65 163
65 164
65 166
65 169
65 171
65 175
65 176
65 178
65 179
65 181
65 182
65 183
65 184
65 186
65 187
65 188
65 191
65 192
65 193
65 194
65 197
65 199
66 103
66 104
66 109
66 111
66 114
66 115
66 117
66 118
66 119
66 120
66 122
66 123
66 126
66 127
66 128
66 130
66 131
66 133
66 135
66 139
66 141
66 142
66 145
66 148
66 149
66 152
66 154
66 155
66 156
66 158
66 159
66 160
66 161
66 162
66 164
66 165
66 167
66 171
66 173
66 176
66 177
66 178
66 179
66 182
66 184
66 186
66 191
66 193
66 194
66 195
66 196
66 197
66 198
66 199
66 200
67 102
67 103
67 105
67 106
67 107
67 111
67 113
67 114
67 116
67 117
67 118
67 122
67 123
67 125
67 126
67 130
67 132
67 133
67 134
67 136
67 138
67 139
67 140
67 141
67 143
67 145
67 146
67 149
67 150
67 153
67 154
67 159
67 160
67 161
67 164
67 165
67 169
67 173
67 179
67 180
67 181
67 183
67 184
67 186
67 187
67 188
67 190
67 191
67 192
67 193
67 197
67 198
67 199
67 200
68 101
68 102
68 103
68 104
68 106
68 107
68 108
68 110
68 111
68 116
68 119
68 120
68 121
68 123
68 124
68 125
68 126
68 127
68 130
68 131
68 135
68 137
68 139
68 140
68 144
68 145
68 146
68 147
68 148
68 149
68 152
68 156
68 158
68 159
68 161
68 162
68 163
68 164
68 166
68 167
68 169
68 170
68 172
68 173
68 177
68 179
68 180
68 182
68 183
68 184
68 186
68 189
68 192
68 194
68 196
68 200
69 101
69 102
69 103
69 107
69 108
69 109
69 111
69 112
69 113
69 115
69 117
69 118
69 121
69 123
69 127
69 128
69 132
69 133
69 134
69 135
69 136
69 137
69 138
69 140
69 141
69 143
69 148
69 149
69 151
69 152
69 153
69 154
69 155
69 158
69 160
69 161
69 162
69 164
69 165
69 167
69 168
69 169
69 172
69 174
69 175
69 176
69 177
69 178
69 179
69 182
69 183
69 186
69 188
69 189
69 190
69 191
69 192
69 193
69 196
69 198
69 199
69 200
70 101
70 102
70 104
70 105
70 106
70 107
70 110
70 111
70 112
70 113
70 117
70 121
70 125
70 126
70 127
70 128
70 129
70 130
70 134
70 135
70 136
70 137
70 138
70 139
70 140
70 141
70 142
70 143
70 148
70 149
70 150
70 151
70 154
70 156
70 157
70 158
70 161
70 164
70 165
70 166
70 167
70 168
70 170
70 171
70 173
70 174
70 175
70 177
70 178
70 179
70 180
70 183
70 185
70 187
70 188
70 189
70 191
70 193
70 194
70 195
70 196
70 197
70 200
71 104
71 106
71 107
71 111
71 112
71 113
71 114
71 115
71 116
71 120
71 124
71 126
71 127
71 128
71 130
71 133
71 134
71 135
71 138
71 139
71 140
71 141
71 142
71 145
71 146
71 147
71 150
71 151
71 153
71 157
71 158
71 159
71 161
71 163
71 164
71 165
71 167
71 168
71 169
71 172
71 173
71 174
71 177
71 178
71 181
71 185
71 186
71 187
71 188
71 192
71 193
71 194
71 195
71 196
71 197
71 198
71 199
72 103
72 104
72 105
72 106
72 108
72 109
72 110
72 111
72 112
72 114
72 115
72 117
72 119
72 120
72 121
72 123
72 125
72 126
72 127
72 128
72 129
72 130
72 132
72 133
72 134
72 135
72 136
72 138
72 139
72 141
72 142
72 144
72 147
72 148
72 149
72 150
72 151
72 152
72 153
72 157
72 158
72 159
72 160
72 161
72 163
72 164
72 166
72 167
72 168
72 172
72 174
72 176
72 177
72 178
72 179
72 180
72 181
72 182
72 183
72 187
72 188
72 189
72 190
72 192
72 193
72 194
72 195
72 196
72 197
72 198
72 199
72 200
73 103
73 104
73 107
73 108
73 110
73 112
73 114
73 116
73 120
73 121
73 124
73 125
73 127
73 128
73 129
73 135
73 137
73 139
73 140
73 148
73 149
73 151
73 154
73 155
73 157
73 158
73 159
73 164
73 165
73 168
73 171
73 172
73 173
73 174
73 175
73 178
73 179
73 180
73 181
73 182
73 183
73 184
73 187
73 188
73 189
73 193
73 196
73 197
73 198
73 199
74 102
74 103
74 108
74 109
74 110
74 111
74 114
74 116
74 117
74 118
74 119
74 120
74 121
74 122
74 125
74 131
74 133
74 134
74 139
74 141
74 143
74 145
74 151
74 153
74 154
74 155
74 157
74 161
74 162
74 163
74 164
74 165
74 168
74 169
74 170
74 171
74 172
74 173
74 174
74 175
74 177
74 178
74 179
74 187
74 189
74 191
74 194
74 195
74 196
74 197
74 199
74 200
75 104
75 107
75 108
75 111
75 112
75 113
75 117
75 118
75 119
75 121
75 124
75 126
75 129
75 132
75 134
75 135
75 139
75 141
75 142
75 143
75 146
75 148
75 149
75 150
75 151
75 152
75 153
75 156
75 158
75 159
75 161
75 164
75 165
75 166
75 168
75 170
75 172
75 173
75 175
75 176
75 180
75 181
75 182
75 184
75 185
75 187
75 190
75 192
75 194
75 196
75 197
76 101
76 106
76 107
76 108
76 112
76 114
76 115
76 118
76 120
76 124
76 125
76 129
76 132
76 141
76 144
76 147
76 148
76 149
76 156
76 158
76 161
76 165
76 167
76 168
76 170
76 171
76 172
76 173
76 174
76 176
76 179
76 180
76 181
76 183
76 184
76 185
76 186
76 187
76 191
76 197
76 199
76 200
77 101
77 103
77 104
77 107
77 110
77 111
77 114
77 115
77 117
77 118
77 119
77 121
77 122
77 123
77 124
77 125
77 127
77 128
77 129
77 130
77 131
77 134
77 138
77 139
77 142
77 144
77 149
77 150
77 152
77 155
77 156
77 157
77 160
77 162
77 164
77 165
77 166
77 168
77 169
77 171
77 175
77 177
77 181
77 182
77 184
77 185
77 186
77 190
77 191
77 194
77 196
77 197
78 102
78 103
78 104
78 105
78 106
78 107
78 109
78 110
78 111
78 112
78 113
78 116
78 118
78 121
78 124
78 125
78 126
78 127
78 129
78 130
78 131
78 134
78 135
78 137
78 146
78 148
78 149
78 152
78 154
78 155
78 158
78 159
78 160
78 163
78 164
78 165
78 166
78 167
78 168
78 169
78 170
78 172
78 174
78 175
78 177
78 178
78 180
78 181
78 184
78 185
78 187
78 188
78 190
78 191
78 193
78 194
78 197
78 198
78 200
79 102
79 103
79 107
79 110
79 113
79 115
79 116
79 117
79 118
79 119
79 120
79 121
79 123
79 124
79 127
79 129
79 130
79 133
79 135
79 136
79 138
79 140
79 144
79 146
79 147
79 148
79 150
79 154
79 156
79 157
79 158
79 159
79 162
79 164
79 165
79 167
79 171
79 172
79 175
79 176
79 178
79 179
79 182
79 183
79 193
79 195
79 199
79 200
80 102
80 103
80 104
80 110
80 111
80 112
80 113
80 114
80 115
80 118
80 121
80 124
80 126
80 127
80 128
80 129
80 132
80 133
80 134
80 136
80 137
80 138
80 141
80 142
80 144
80 145
80 146
80 147
80 153
80 155
80 157
80 158
80 159
80 160
80 164
80 165
80 167
80 169
80 171
80 172
80 175
80 176
80 179
80 180
80 182
80 183
80 185
80 191
80 193
80 194
80 198
80 199
80 200
81 102
81 108
81 109
81 113
81 114
81 117
81 119
81 120
81 121
81 122
81 123
81 126
81 130
81 132
81 134
81 135
81 136
81 139
81 140
81 142
81 144
81 145
81 146
81 148
81 150
81 152
81 154
81 156
81 160
81 162
81 163
81 166
81 171
81 173
81 175
81 176
81 180
81 181
81 182
81 185
81 186
81 187
81 188
81 189
81 190
81 191
81 192
81 193
81 197
81 199
82 101
82 102
82 104
82 106
82 107
82 108
82 109
82 110
82 111
82 112
82 113
82 116
82 117
82 120
82 123
82 125
82 127
82 128
82 129
82 130
82 132
82 134
82 135
82 137
82 139
82 140
82 144
82 151
82 153
82 155
82 156
82 157
82 158
82 159
82 161
82 162
82 164
82 166
82 169
82 171
82 173
82 175
82 178
82 180
82 183
82 186
82 187
82 188
82 190
82 192
82 193
82 199
83 101
83 106
83 109
83 110
83 112
83 113
83 115
83 116
83 118
83 120
83 126
83 128
83 130
83 131
83 133
83 134
83 135
83 136
83 138
83 139
83 140
83 141
83 142
83 145
83 146
83 148
83 149
83 150
83 153
83 155
83 156
83 157
83 161
83 162
83 163
83 168
83 170
83 171
83 172
83 173
83 174
83 176
83 178
83 179
83 181
83 183
83 184
83 186
83 188
83 190
83 192
83 194
83 197
83 198
84 101
84 105
84 109
84 110
84 111
84 113
84 114
84 116
84 118
84 124
84 125
84 126
84 127
84 134
84 135
84 136
84 137
84 140
84 141
84 142
84 143
84 145
84 146
84 148
84 149
84 152
84 153
84 156
84 157
84 160
84 162
84 163
84 166
84 167
84 168
84 170
84 171
84 174
84 175
84 176
84 177
84 178
84 179
84 180
84 181
84 182
84 183
84 184
84 185
84 186
84 188
84 190
84 191
84 194
84 195
84 197
84 199
85 101
85 102
85 103
85 104
85 107
85 108
85 109
85 111
85 112
85 114
85 119
85 120
85 121
85 122
85 123
85 127
85 128
85 131
85 132
85 133
85 138
85 140
85 143
85 147
85 149
85 151
85 153
85 156
85 159
85 160
85 163
85 164
85 168
85 169
85 170
85 176
85 177
85 178
85 182
85 184
85 187
85 188
85 189
85 191
85 192
85 195
85 198
85 200
86 101
86 104
86 106
86 109
86 110
86 112
86 113
86 118
86 119
86 120
86 121
86 126
86 127
86 129
86 132
86 133
86 135
86 138
86 139
86 142
86 143
86 144
86 146
86 148
86 150
86 151
86 153
86 155
86 157
86 158
86 160
86 161
86 162
86 163
86 165
86 166
86 167
86 168
86 169
86 170
86 172
86 173
86 177
86 180
86 182
86 184
86 185
86 186
86 187
86 192
86 194
86 199
86 200
87 101
87 103
87 104
87 105
87 106
87 108
87 109
87 114
87 118
87 121
87 122
87 124
87 125
87 126
87 129
87 131
87 134
87 135
87 136
87 138
87 139
87 142
87 146
87 147
87 149
87 150
87 152
87 153
87 154
87 158
87 160
87 161
87 162
87 164
87 167
87 170
87 171
87 172
87 174
87 175
87 176
87 177
87 178
87 179
87 180
87 181
87 182
87 184
87 185
87 188
87 190
87 192
87 193
87 196
88 102
88 104
88 105
88 107
88 109
88 110
88 111
88 113
88 115
88 116
88 118
88 119
88 120
88 122
88 123
88 125
88 126
88 127
88 128
88 133
88 134
88 136
88 137
88 138
88 139
88 140
88 141
88 144
88 146
88 147
88 148
88 149
88 150
88 151
88 153
88 157
88 158
88 160
88 161
88 162
88 165
88 167
88 168
88 169
88 170
88 175
88 179
88 181
88 182
88 183
88 185
88 187
88 188
88 191
88 192
88 195
88 196
88 198
89 102
89 106
89 108
89 110
89 112
89 113
89 114
89 116
89 118
89 119
89 120
89 122
89 123
89 125
89 127
89 128
89 131
89 132
89 133
89 134
89 135
89 138
89 139
89 140
89 143
89 144
89 145
89 149
89 150
89 151
89 153
89 154
89 155
89 157
89 159
89 161
89 166
89 167
89 170
89 173
89 174
89 175
89 176
89 177
89 182
89 183
89 186
89 187
89 188
89 189
89 190
89 191
89 193
89 195
90 102
90 103
90 107
90 109
90 110
90 111
90 112
90 114
90 115
90 116
90 118
90 119
90 120
90 121
90 122
90 124
90 125
90 129
90 131
90 133
90 134
90 135
90 137
90 140
90 141
90 143
90 144
90 148
90 151
90 153
90 154
90 156
90 157
90 158
90 159
90 161
90 162
90 164
90 165
90 168
90 169
90 170
90 171
90 172
90 173
90 174
90 176
90 178
90 181
90 182
90 184
90 187
90 188
90 189
90 190
90 193
90 195
90 199
91 101
91 103
91 104
91 105
91 106
91 110
91 113
91 114
91 115
91 117
91 119
91 120
91 121
91 122
91 124
91 126
91 127
91 128
91 132
91 134
91 136
91 140
91 141
91 143
91 144
91 149
91 150
91 152
91 153
91 154
91 155
91 156
91 159
91 161
91 162
91 164
91 167
91 168
91 169
91 170
91 173
91 176
91 177
91 178
91 179
91 181
91 182
91 184
91 186
91 187
91 188
91 194
91 195
91 196
91 198
92 102
92 103
92 106
92 109
92 112
92 114
92 115
92 116
92 117
92 119
92 123
92 127
92 129
92 130
92 131
92 132
92 133
92 134
92 137
92 139
92 140
92 141
92 143
92 145
92 146
92 149
92 150
92 151
92 152
92 153
92 154
92 155
92 156
92 157
92 158
92 159
92 160
92 163
92 164
92 166
92 168
92 170
92 172
92 173
92 176
92 177
92 178
92 180
92 184
92 185
92 186
92 187
92 188
92 189
92 190
92 191
92 192
92 195
92 196
92 197
92 198
92 199
92 200
93 101
93 104
93 106
93 107
93 108
93 109
93 112
93 114
93 115
93 116
93 117
93 120
93 121
93 122
93 125
93 126
93 127
93 128
93 129
93 130
93 132
93 136
93 137
93 138
93 139
93 140
93 141
93 142
93 143
93 145
93 147
93 148
93 149
93 150
93 151
93 152
93 153
93 154
93 156
93 158
93 159
93 160
93 161
93 164
93 165
93 166
93 170
93 173
93 175
93 177
93 178
93 179
93 180
93 182
93 184
93 185
93 186
93 187
93 194
93 195
93 196
93 197
93 198
93 200
94 101
94 102
94 105
94 106
94 107
94 109
94 110
94 111
94 112
94 115
94 117
94 119
94 120
94 122
94 124
94 126
94 131
94 135
94 136
94 137
94 139
94 140
94 142
94 146
94 147
94 149
94 150
94 151
94 152
94 156
94 157
94 158
94 159
94 160
94 161
94 162
94 164
94 165
94 167
94 168
94 171
94 172
94 173
94 174
94 178
94 179
94 180
94 181
94 183
94 185
94 186
94 187
94 189
94 190
94 192
94 196
94 199
94 200
95 101
95 102
95 106
95 107
95 108
95 109
95 111
95 113
95 114
95 115
95 116
95 117
95 119
95 120
95 124
95 127
95 128
95 132
95 133
95 134
95 135
95 136
95 140
95 142
95 143
95 145
95 146
95 147
95 148
95 149
95 151
95 152
95 153
95 154
95 155
95 156
95 157
95 158
95 160
95 161
95 164
95 165
95 167
95 168
95 169
95 170
95 172
95 174
95 176
95 177
95 178
95 180
95 182
95 184
95 185
95 186
95 187
95 188
95 190
95 191
95 192
95 193
95 198
95 199
96 102
96 103
96 108
96 112
96 113
96 114
96 117
96 119
96 121
96 122
96 125
96 126
96 128
96 129
96 130
96 134
96 135
96 141
96 143
96 144
96 145
96 149
96 151
96 152
96 153
96 154
96 156
96 157
96 160
96 161
96 162
96 164
96 165
96 167
96 168
96 170
96 172
96 173
96 176
96 178
96 179
96 184
96 185
96 186
96 189
96 190
96 191
96 193
96 196
97 102
97 106
97 107
97 109
97 111
97 113
97 114
97 115
97 116
97 124
97 128
97 131
97 132
97 133
97 134
97 135
97 136
97 138
97 140
97 141
97 142
97 143
97 145
97 149
97 150
97 152
97 154
97 155
97 158
97 159
97 160
97 162
97 164
97 165
97 166
97 167
97 171
97 172
97 173
97 176
97 177
97 181
97 183
97 186
97 189
97 190
97 194
97 197
97 199
97 200
98 101
98 104
98 105
98 108
98 110
98 112
98 113
98 116
98 117
98 118
98 120
98 121
98 123
98 129
98 131
98 133
98 135
98 140
98 141
98 143
98 146
98 147
98 149
98 150
98 151
98 152
98 153
98 156
98 159
98 160
98 161
98 166
98 169
98 170
98 171
98 174
98 175
98 176
98 177
98 178
98 179
98 181
98 183
98 184
98 188
98 191
98 192
98 193
98 194
98 196
98 198
98 199
98 200
99 102
99 103
99 104
99 107
99 108
99 111
99 112
99 113
99 115
99 117
99 119
99 120
99 122
99 123
99 127
99 128
99 129
99 132
99 134
99 136
99 146
99 149
99 151
99 152
99 153
99 154
99 155
99 156
99 159
99 160
99 161
99 162
99 163
99 164
99 165
99 166
99 169
99 170
99 172
99 174
99 177
99 178
99 182
99 183
99 185
99 187
99 188
99 194
99 196
99 198
99 199
100 101
100 103
100 104
100 105
100 106
100 107
100 108
100 109
100 110
100 111
100 115
100 116
100 118
100 119
100 121
100 124
100 125
100 126
100 127
100 128
100 129
100 130
100 133
100 135
100 136
100 137
100 139
100 140
100 141
100 144
100 145
100 149
100 151
100 154
100 157
100 158
100 159
100 160
100 163
100 167
100 168
100 169
100 171
100 172
100 173
100 176
100 177
100 178
100 179
100 180
100 182
100 183
100 184
100 186
100 188
100 189
100 190
100 191
100 192
100 193
100 197
